0.0 0.0 5.779999999999999 0.019399999999999997
0.25 0.0 5.65 0.10400000000000001
0.5 0.0 6.5 0.857
0.75 0.0 5.890000000000001 0.09150000000000001
1.0 0.0 6.0 0.032999999999999995
1.25 0.0 5.41 0.0555
1.5 0.0 5.97 0.045200000000000004
1.75 0.0 5.68 0.174
2.0 0.0 6.2700000000000005 0.853
2.25 0.0 6.55 0.7659999999999999
2.5 0.0 5.85 0.0128
2.75 0.0 5.66 0.378
3.0 0.0 5.9 0.175
3.25 0.0 6.06 0.10700000000000001
3.5 0.0 6.06 0.0728
3.75 0.0 6.13 0.0678
4.0 0.0 5.79 0.0244
4.25 0.0 6.2700000000000005 0.207
4.5 0.0 5.38 0.0185
4.75 0.0 5.84 0.0218
5.0 0.0 5.73 0.0206
5.25 0.0 6.21 0.054900000000000004
5.5 0.0 6.1 0.0223
5.75 0.0 6.569999999999999 0.0459
6.0 0.0 6.3 0.0383
6.25 0.0 nan nan
6.5 0.0 nan nan
6.75 0.0 nan nan
7.0 0.0 nan nan
7.25 0.0 nan nan
7.5 0.0 nan nan
7.75 0.0 nan nan
8.0 0.0 nan nan
8.25 0.0 nan nan
8.5 0.0 nan nan
8.75 0.0 nan nan
9.0 0.0 nan nan
9.25 0.0 nan nan
9.5 0.0 nan nan
9.75 0.0 nan nan
10.0 0.0 nan nan
10.25 0.0 nan nan
10.5 0.0 nan nan
10.75 0.0 nan nan
11.0 0.0 nan nan
11.25 0.0 nan nan
11.5 0.0 nan nan
11.75 0.0 nan nan
12.0 0.0 nan nan
12.25 0.0 nan nan
12.5 0.0 nan nan
12.75 0.0 nan nan
13.0 0.0 nan nan
13.25 0.0 nan nan
13.5 0.0 nan nan
13.75 0.0 nan nan
14.0 0.0 nan nan
14.25 0.0 nan nan
14.5 0.0 nan nan
0.0 0.25 nan nan
0.25 0.25 nan nan
0.5 0.25 nan nan
0.75 0.25 5.779999999999999 0.27
1.0 0.25 6.31 0.039
1.25 0.25 5.71 0.19999999999999998
1.5 0.25 5.92 0.34299999999999997
1.75 0.25 6.04 0.0543
2.0 0.25 5.68 0.237
2.25 0.25 6.36 0.022600000000000002
2.5 0.25 5.640000000000001 0.116
2.75 0.25 5.92 0.093
3.0 0.25 5.98 0.173
3.25 0.25 6.2299999999999995 0.0094
3.5 0.25 5.76 0.265
3.75 0.25 6.33 0.0747
4.0 0.25 5.779999999999999 0.126
4.25 0.25 5.84 0.011
4.5 0.25 5.75 0.0129
4.75 0.25 6.03 0.0117
5.0 0.25 5.779999999999999 0.0902
5.25 0.25 5.88 0.0544
5.5 0.25 5.9399999999999995 0.106
5.75 0.25 6.15 0.0141
6.0 0.25 6.37 0.02
6.25 0.25 7.220000000000001 0.0285
6.5 0.25 7.220000000000001 0.08070000000000001
6.75 0.25 7.26 0.0327
7.0 0.25 7.54 0.035
7.25 0.25 7.6 0.0137
7.5 0.25 7.34 0.0111
7.75 0.25 7.09 0.0232
8.0 0.25 7.4 0.0463
8.25 0.25 7.53 0.0502
8.5 0.25 7.199999999999999 0.0245
8.75 0.25 7.930000000000001 0.0344
9.0 0.25 7.16 0.0277
9.25 0.25 7.220000000000001 0.0218
9.5 0.25 6.96 0.32099999999999995
9.75 0.25 7.04 0.0241
10.0 0.25 7.130000000000001 0.030500000000000003
10.25 0.25 7.119999999999999 0.0283
10.5 0.25 7.07 0.0722
10.75 0.25 6.98 0.027800000000000002
11.0 0.25 7.130000000000001 0.0282
11.25 0.25 7.08 0.0137
11.5 0.25 6.98 0.024
11.75 0.25 6.98 0.0303
12.0 0.25 6.99 0.12
12.25 0.25 6.98 0.47
12.5 0.25 7.29 0.0264
12.75 0.25 7.220000000000001 0.145
13.0 0.25 7.38 0.025699999999999997
13.25 0.25 7.37 0.051300000000000005
13.5 0.25 7.15 0.057
13.75 0.25 7.45 0.0301
14.0 0.25 7.46 0.032100000000000004
14.25 0.25 7.4 0.0243
14.5 0.25 7.41 0.023899999999999998
0.0 0.5 6.16 0.181
0.25 0.5 6.09 0.0212
0.5 0.5 6.44 0.0213
0.75 0.5 6.02 0.198
1.0 0.5 6.11 0.027899999999999998
1.25 0.5 6.11 0.0397
1.5 0.5 6.59 0.0386
1.75 0.5 6.05 0.0103
2.0 0.5 6.01 0.016
2.25 0.5 5.82 0.0663
2.5 0.5 5.859999999999999 0.0822
2.75 0.5 6.3 0.0531
3.0 0.5 6.3 0.196
3.25 0.5 5.77 0.135
3.5 0.5 6.24 0.0148
3.75 0.5 5.6899999999999995 0.019700000000000002
4.0 0.5 5.9 0.0376
4.25 0.5 6.09 0.0126
4.5 0.5 6.08 0.0148
4.75 0.5 5.68 0.27399999999999997
5.0 0.5 7.02 0.022099999999999998
5.25 0.5 6.7299999999999995 0.0728
5.5 0.5 6.96 0.060300000000000006
5.75 0.5 6.53 0.492
6.0 0.5 7.68 0.031599999999999996
6.25 0.5 7.24 0.06709999999999999
6.5 0.5 8.25 0.0926
6.75 0.5 nan nan
7.0 0.5 nan nan
7.25 0.5 7.710000000000001 0.055
7.5 0.5 8.36 0.134
7.75 0.5 8.27 0.041
8.0 0.5 7.9 0.0665
8.25 0.5 8.280000000000001 0.0409
8.5 0.5 7.829999999999999 0.11499999999999999
8.75 0.5 7.669999999999999 0.0235
9.0 0.5 7.6499999999999995 0.0277
9.25 0.5 7.79 0.126
9.5 0.5 7.7700000000000005 0.0263
9.75 0.5 7.819999999999999 0.0353
10.0 0.5 7.59 0.0166
10.25 0.5 7.55 0.145
10.5 0.5 7.25 0.027800000000000002
10.75 0.5 7.33 0.0296
11.0 0.5 7.38 0.09609999999999999
11.25 0.5 7.42 0.0212
11.5 0.5 7.25 0.0234
11.75 0.5 7.21 0.0303
12.0 0.5 7.3100000000000005 0.043000000000000003
12.25 0.5 7.46 0.33799999999999997
12.5 0.5 7.359999999999999 0.021500000000000002
12.75 0.5 7.16 0.13199999999999998
13.0 0.5 7.220000000000001 0.24200000000000002
13.25 0.5 7.279999999999999 0.103
13.5 0.5 7.130000000000001 0.18
13.75 0.5 7.33 0.06899999999999999
14.0 0.5 7.32 0.0583
14.25 0.5 6.97 0.258
14.5 0.5 7.37 0.031200000000000002
0.0 0.75 5.95 0.265
0.25 0.75 6.29 0.0122
0.5 0.75 6.31 0.010499999999999999
0.75 0.75 5.800000000000001 0.0137
1.0 0.75 6.13 0.0172
1.25 0.75 6.29 0.0212
1.5 0.75 6.44 0.00809
1.75 0.75 5.9 0.06369999999999999
2.0 0.75 6.15 0.0229
2.25 0.75 5.779999999999999 0.0281
2.5 0.75 6.03 0.00835
2.75 0.75 5.95 0.162
3.0 0.75 6.05 0.34700000000000003
3.25 0.75 6.1 0.0174
3.5 0.75 6.29 0.0634
3.75 0.75 6.45 0.173
4.0 0.75 6.76 0.128
4.25 0.75 6.81 0.0373
4.5 0.75 nan nan
4.75 0.75 7.25 0.064
5.0 0.75 6.81 0.128
5.25 0.75 7.07 0.022
5.5 0.75 6.99 0.0515
5.75 0.75 6.79 0.262
6.0 0.75 8.02 0.053
6.25 0.75 9.72 0.653
6.5 0.75 nan nan
6.75 0.75 8.37 0.636
7.0 0.75 nan nan
7.25 0.75 nan nan
7.5 0.75 nan nan
7.75 0.75 8.49 0.47800000000000004
8.0 0.75 8.1 0.143
8.25 0.75 7.64 0.175
8.5 0.75 7.68 0.0517
8.75 0.75 7.52 0.0218
9.0 0.75 7.760000000000001 0.0178
9.25 0.75 8.03 0.042300000000000004
9.5 0.75 8.37 0.0313
9.75 0.75 7.84 0.041299999999999996
10.0 0.75 7.81 0.102
10.25 0.75 7.720000000000001 0.0161
10.5 0.75 8.049999999999999 0.035800000000000005
10.75 0.75 7.95 0.0389
11.0 0.75 7.51 0.113
11.25 0.75 7.5 0.0318
11.5 0.75 7.46 0.029900000000000003
11.75 0.75 7.4 0.0294
12.0 0.75 7.220000000000001 0.223
12.25 0.75 7.53 0.047099999999999996
12.5 0.75 7.62 0.061000000000000006
12.75 0.75 7.43 0.0199
13.0 0.75 7.1 0.0601
13.25 0.75 7.02 0.0888
13.5 0.75 7.199999999999999 0.0602
13.75 0.75 7.02 0.0112
14.0 0.75 6.88 0.124
14.25 0.75 7.21 0.0258
14.5 0.75 6.97 0.14
0.0 1.0 6.95 0.010499999999999999
0.25 1.0 6.9399999999999995 0.0149
0.5 1.0 6.14 0.016800000000000002
0.75 1.0 6.5200000000000005 0.012499999999999999
1.0 1.0 6.16 0.018299999999999997
1.25 1.0 6.33 0.23099999999999998
1.5 1.0 5.87 0.36600000000000005
1.75 1.0 6.78 0.0419
2.0 1.0 5.93 0.0703
2.25 1.0 6.08 0.0145
2.5 1.0 6.38 0.018
2.75 1.0 5.95 0.08869999999999999
3.0 1.0 6.45 0.0417
3.25 1.0 6.6499999999999995 0.126
3.5 1.0 7.34 0.0244
3.75 1.0 6.81 0.0213
4.0 1.0 7.25 0.0563
4.25 1.0 7.279999999999999 0.017900000000000003
4.5 1.0 6.91 0.263
4.75 1.0 7.07 0.0164
5.0 1.0 6.9399999999999995 0.0708
5.25 1.0 7.130000000000001 0.017599999999999998
5.5 1.0 7.08 0.019799999999999998
5.75 1.0 8.16 0.0567
6.0 1.0 8.31 0.051
6.25 1.0 9.57 0.61
6.5 1.0 nan nan
6.75 1.0 nan nan
7.0 1.0 nan nan
7.25 1.0 nan nan
7.5 1.0 7.84 0.0265
7.75 1.0 7.32 0.025699999999999997
8.0 1.0 7.38 0.0462
8.25 1.0 7.359999999999999 0.0252
8.5 1.0 7.35 0.0171
8.75 1.0 7.140000000000001 0.00986
9.0 1.0 7.359999999999999 0.029
9.25 1.0 7.59 0.0209
9.5 1.0 7.4399999999999995 0.031200000000000002
9.75 1.0 7.4 0.046
10.0 1.0 7.710000000000001 0.0338
10.25 1.0 7.42 0.0357
10.5 1.0 7.85 0.0304
10.75 1.0 8.37 0.0667
11.0 1.0 7.890000000000001 0.0229
11.25 1.0 7.48 0.0248
11.5 1.0 7.53 0.0128
11.75 1.0 7.9 0.027100000000000003
12.0 1.0 7.55 0.0606
12.25 1.0 7.26 0.0251
12.5 1.0 7.61 0.024599999999999997
12.75 1.0 7.37 0.0864
13.0 1.0 7.23 0.0927
13.25 1.0 7.4 0.0627
13.5 1.0 7.220000000000001 0.027
13.75 1.0 7.1 0.103
14.0 1.0 6.97 0.34700000000000003
14.25 1.0 7.04 0.07440000000000001
14.5 1.0 6.95 0.0128
0.0 1.25 7.199999999999999 0.14
0.25 1.25 7.16 0.131
0.5 1.25 6.76 0.18300000000000002
0.75 1.25 6.2 0.135
1.0 1.25 6.6000000000000005 0.0182
1.25 1.25 6.21 0.284
1.5 1.25 6.04 0.015
1.75 1.25 6.24 0.044700000000000004
2.0 1.25 6.569999999999999 0.0517
2.25 1.25 5.91 0.0223
2.5 1.25 6.409999999999999 0.531
2.75 1.25 7.27 0.0177
3.0 1.25 7.199999999999999 0.0169
3.25 1.25 6.95 0.0173
3.5 1.25 6.78 0.082
3.75 1.25 6.83 0.0109
4.0 1.25 6.76 0.256
4.25 1.25 6.87 0.063
4.5 1.25 7.140000000000001 0.027
4.75 1.25 7.29 0.049
5.0 1.25 7.199999999999999 0.023
5.25 1.25 7.42 0.0207
5.5 1.25 7.4399999999999995 0.0267
5.75 1.25 nan nan
6.0 1.25 nan nan
6.25 1.25 nan nan
6.5 1.25 nan nan
6.75 1.25 7.6 0.0298
7.0 1.25 7.29 0.0328
7.25 1.25 7.42 0.0227
7.5 1.25 7.659999999999999 0.0237
7.75 1.25 7.38 0.0324
8.0 1.25 7.35 0.024999999999999998
8.25 1.25 7.23 0.0195
8.5 1.25 7.08 0.024
8.75 1.25 7.27 0.0237
9.0 1.25 7.1 0.022600000000000002
9.25 1.25 7.0 0.0254
9.5 1.25 7.1 0.036599999999999994
9.75 1.25 6.9399999999999995 0.093
10.0 1.25 7.1 0.016499999999999997
10.25 1.25 7.140000000000001 0.0227
10.5 1.25 7.62 0.030199999999999998
10.75 1.25 7.74 0.0248
11.0 1.25 8.13 0.039
11.25 1.25 7.73 0.062299999999999994
11.5 1.25 7.43 0.0662
11.75 1.25 7.73 0.0395
12.0 1.25 7.61 0.0202
12.25 1.25 7.760000000000001 0.155
12.5 1.25 7.300000000000001 0.0291
12.75 1.25 7.29 0.0711
13.0 1.25 7.49 0.030500000000000003
13.25 1.25 7.04 0.0274
13.5 1.25 7.09 0.0259
13.75 1.25 7.01 0.215
14.0 1.25 7.07 0.0213
14.25 1.25 7.08 0.028399999999999998
14.5 1.25 7.33 0.038099999999999995
0.0 1.5 7.5 0.0348
0.25 1.5 8.42 0.044700000000000004
0.5 1.5 7.56 0.0384
0.75 1.5 7.02 0.0363
1.0 1.5 6.14 0.055099999999999996
1.25 1.5 6.47 0.029
1.5 1.5 6.3 0.0411
1.75 1.5 6.26 0.0227
2.0 1.5 6.05 0.0434
2.25 1.5 6.6000000000000005 0.047799999999999995
2.5 1.5 7.199999999999999 0.0726
2.75 1.5 6.96 0.039400000000000004
3.0 1.5 7.199999999999999 0.061099999999999995
3.25 1.5 7.42 0.0427
3.5 1.5 6.86 0.027100000000000003
3.75 1.5 7.1 0.0252
4.0 1.5 6.9399999999999995 0.0263
4.25 1.5 7.32 0.0767
4.5 1.5 7.25 0.0465
4.75 1.5 7.4399999999999995 0.0849
5.0 1.5 7.42 0.0286
5.25 1.5 7.33 0.023899999999999998
5.5 1.5 7.94 0.15200000000000002
5.75 1.5 nan nan
6.0 1.5 nan nan
6.25 1.5 7.819999999999999 0.030699999999999998
6.5 1.5 7.01 0.0264
6.75 1.5 7.1899999999999995 0.017900000000000003
7.0 1.5 7.279999999999999 0.0272
7.25 1.5 7.4399999999999995 0.0407
7.5 1.5 7.61 0.0419
7.75 1.5 7.199999999999999 0.0303
8.0 1.5 7.17 0.044899999999999995
8.25 1.5 7.21 0.0344
8.5 1.5 7.48 0.028900000000000002
8.75 1.5 7.01 0.0369
9.0 1.5 nan nan
9.25 1.5 7.37 0.021500000000000002
9.5 1.5 7.4399999999999995 0.0329
9.75 1.5 7.1899999999999995 0.0218
10.0 1.5 7.48 0.0258
10.25 1.5 7.26 0.0348
10.5 1.5 7.659999999999999 0.024599999999999997
10.75 1.5 7.74 0.0244
11.0 1.5 7.819999999999999 0.21400000000000002
11.25 1.5 7.6899999999999995 0.0391
11.5 1.5 7.62 0.0879
11.75 1.5 7.359999999999999 0.0586
12.0 1.5 7.45 0.135
12.25 1.5 7.18 0.0172
12.5 1.5 7.18 0.0994
12.75 1.5 7.15 0.0262
13.0 1.5 7.49 0.13799999999999998
13.25 1.5 7.16 0.0432
13.5 1.5 6.89 0.0107
13.75 1.5 7.01 0.0217
14.0 1.5 7.119999999999999 0.0415
14.25 1.5 6.91 0.29700000000000004
14.5 1.5 6.91 0.0436
0.0 1.75 8.18 0.0657
0.25 1.75 8.399999999999999 0.0443
0.5 1.75 8.35 0.334
0.75 1.75 7.96 0.08869999999999999
1.0 1.75 7.119999999999999 0.14
1.25 1.75 7.0 0.0512
1.5 1.75 6.87 0.0545
1.75 1.75 6.7700000000000005 0.0544
2.0 1.75 7.119999999999999 0.0436
2.25 1.75 7.3100000000000005 0.0483
2.5 1.75 7.84 0.0437
2.75 1.75 7.79 0.060399999999999995
3.0 1.75 7.78 0.028
3.25 1.75 8.11 0.13899999999999998
3.5 1.75 7.760000000000001 0.07479999999999999
3.75 1.75 7.74 0.043000000000000003
4.0 1.75 7.720000000000001 0.0369
4.25 1.75 7.74 0.0375
4.5 1.75 7.84 0.0229
4.75 1.75 7.890000000000001 0.08070000000000001
5.0 1.75 8.07 0.187
5.25 1.75 nan nan
5.5 1.75 nan nan
5.75 1.75 8.2 0.158
6.0 1.75 8.0 0.0267
6.25 1.75 7.930000000000001 0.0238
6.5 1.75 7.56 0.024
6.75 1.75 7.75 0.043000000000000003
7.0 1.75 7.659999999999999 0.0247
7.25 1.75 7.32 0.0601
7.5 1.75 7.62 0.0431
7.75 1.75 7.54 0.0428
8.0 1.75 7.45 0.0398
8.25 1.75 7.359999999999999 0.0219
8.5 1.75 7.04 0.0192
8.75 1.75 7.16 0.0357
9.0 1.75 7.279999999999999 0.0334
9.25 1.75 6.76 0.0411
9.5 1.75 7.09 0.026000000000000002
9.75 1.75 7.16 0.148
10.0 1.75 7.07 0.035100000000000006
10.25 1.75 7.09 0.035100000000000006
10.5 1.75 7.21 0.035199999999999995
10.75 1.75 7.869999999999999 0.031400000000000004
11.0 1.75 7.890000000000001 0.081
11.25 1.75 7.85 0.0678
11.5 1.75 7.53 0.0636
11.75 1.75 7.5 0.034300000000000004
12.0 1.75 7.3100000000000005 0.06330000000000001
12.25 1.75 7.74 0.0626
12.5 1.75 7.61 0.0658
12.75 1.75 7.47 0.0399
13.0 1.75 7.359999999999999 0.0765
13.25 1.75 7.58 0.0497
13.5 1.75 7.29 0.0412
13.75 1.75 7.33 0.047799999999999995
14.0 1.75 7.27 0.0392
14.25 1.75 7.15 0.0525
14.5 1.75 7.199999999999999 0.048400000000000006
0.0 2.0 8.14 0.0532
0.25 2.0 8.049999999999999 0.162
0.5 2.0 7.68 0.0254
0.75 2.0 8.049999999999999 0.0613
1.0 2.0 7.54 0.0592
1.25 2.0 6.97 0.028399999999999998
1.5 2.0 7.09 0.0386
1.75 2.0 6.92 0.0406
2.0 2.0 7.890000000000001 0.0488
2.25 2.0 7.63 0.030699999999999998
2.5 2.0 8.049999999999999 0.035199999999999995
2.75 2.0 8.41 0.568
3.0 2.0 8.25 0.0541
3.25 2.0 7.9799999999999995 0.0339
3.5 2.0 7.85 0.33299999999999996
3.75 2.0 7.930000000000001 0.0373
4.0 2.0 8.66 1.13
4.25 2.0 8.23 0.0585
4.5 2.0 7.96 0.0411
4.75 2.0 nan nan
5.0 2.0 nan nan
5.25 2.0 nan nan
5.5 2.0 nan nan
5.75 2.0 7.97 0.044199999999999996
6.0 2.0 8.03 0.0248
6.25 2.0 8.16 0.0438
6.5 2.0 8.18 0.0653
6.75 2.0 7.97 0.0373
7.0 2.0 7.43 0.0202
7.25 2.0 7.55 0.027100000000000003
7.5 2.0 7.43 0.025699999999999997
7.75 2.0 7.25 0.0482
8.0 2.0 7.79 0.041299999999999996
8.25 2.0 7.08 0.0247
8.5 2.0 7.24 0.015
8.75 2.0 7.18 0.0778
9.0 2.0 6.66 0.0162
9.25 2.0 7.07 0.019799999999999998
9.5 2.0 6.76 0.04
9.75 2.0 6.61 0.020999999999999998
10.0 2.0 7.359999999999999 0.082
10.25 2.0 6.6499999999999995 0.09150000000000001
10.5 2.0 6.97 0.017900000000000003
10.75 2.0 7.24 0.0258
11.0 2.0 7.95 0.035
11.25 2.0 7.95 0.049100000000000005
11.5 2.0 7.96 0.184
11.75 2.0 8.11 0.105
12.0 2.0 7.6499999999999995 0.235
12.25 2.0 7.62 0.0726
12.5 2.0 7.700000000000001 0.0545
12.75 2.0 8.16 0.153
13.0 2.0 8.24 0.0525
13.25 2.0 8.08 0.0525
13.5 2.0 7.819999999999999 0.129
13.75 2.0 8.09 0.117
14.0 2.0 7.859999999999999 0.396
14.25 2.0 7.73 0.060399999999999995
14.5 2.0 8.06 0.038099999999999995
0.0 2.25 9.26 0.171
0.25 2.25 8.24 0.0495
0.5 2.25 8.51 0.0973
0.75 2.25 8.2 0.0674
1.0 2.25 7.42 0.0752
1.25 2.25 6.97 0.061099999999999995
1.5 2.25 7.37 0.0745
1.75 2.25 7.0600000000000005 0.0655
2.0 2.25 8.96 0.0991
2.25 2.25 8.37 0.0675
2.5 2.25 8.01 0.0861
2.75 2.25 8.04 0.08839999999999999
3.0 2.25 8.17 0.07759999999999999
3.25 2.25 8.950000000000001 0.16
3.5 2.25 8.08 0.102
3.75 2.25 7.91 0.0664
4.0 2.25 8.780000000000001 0.0855
4.25 2.25 9.16 0.6759999999999999
4.5 2.25 nan nan
4.75 2.25 nan nan
5.0 2.25 nan nan
5.25 2.25 nan nan
5.5 2.25 8.46 0.201
5.75 2.25 8.5 0.048
6.0 2.25 8.82 0.0583
6.25 2.25 8.48 0.12200000000000001
6.5 2.25 8.47 0.10700000000000001
6.75 2.25 8.290000000000001 0.0515
7.0 2.25 8.03 0.034300000000000004
7.25 2.25 7.859999999999999 0.0264
7.5 2.25 8.219999999999999 0.040299999999999996
7.75 2.25 8.15 0.025699999999999997
8.0 2.25 8.06 0.0438
8.25 2.25 7.390000000000001 0.016300000000000002
8.5 2.25 7.3100000000000005 0.0143
8.75 2.25 6.69 0.035800000000000005
9.0 2.25 6.3 0.0152
9.25 2.25 6.59 0.0174
9.5 2.25 6.46 0.182
9.75 2.25 6.74 0.0238
10.0 2.25 7.21 0.0988
10.25 2.25 6.92 0.0103
10.5 2.25 6.97 0.0587
10.75 2.25 7.02 0.0148
11.0 2.25 7.829999999999999 0.036699999999999997
11.25 2.25 7.41 0.0399
11.5 2.25 7.45 0.0287
11.75 2.25 7.279999999999999 0.06330000000000001
12.0 2.25 7.32 0.029
12.25 2.25 7.18 0.0635
12.5 2.25 7.220000000000001 0.0201
12.75 2.25 7.710000000000001 0.0586
13.0 2.25 7.55 0.0397
13.25 2.25 7.989999999999999 0.0933
13.5 2.25 7.96 0.0414
13.75 2.25 7.6 0.0574
14.0 2.25 7.85 0.0433
14.25 2.25 7.6899999999999995 0.042300000000000004
14.5 2.25 7.61 0.0768
0.0 2.5 8.18 0.034
0.25 2.5 8.03 0.023
0.5 2.5 8.01 0.043000000000000003
0.75 2.5 8.03 0.0669
1.0 2.5 8.19 0.0678
1.25 2.5 7.26 0.035800000000000005
1.5 2.5 6.54 0.055099999999999996
1.75 2.5 6.76 0.0294
2.0 2.5 8.280000000000001 0.0493
2.25 2.5 7.85 0.0404
2.5 2.5 7.68 0.0248
2.75 2.5 7.52 0.044899999999999995
3.0 2.5 7.96 0.14100000000000001
3.25 2.5 7.74 0.0295
3.5 2.5 7.700000000000001 0.136
3.75 2.5 7.760000000000001 0.0417
4.0 2.5 8.389999999999999 0.224
4.25 2.5 nan nan
4.5 2.5 nan nan
4.75 2.5 nan nan
5.0 2.5 nan nan
5.25 2.5 8.14 0.026000000000000002
5.5 2.5 8.01 0.135
5.75 2.5 8.280000000000001 0.025699999999999997
6.0 2.5 8.06 0.0341
6.25 2.5 7.81 0.0502
6.5 2.5 8.35 0.0592
6.75 2.5 8.31 0.06319999999999999
7.0 2.5 8.120000000000001 0.0465
7.25 2.5 8.46 0.251
7.5 2.5 8.16 0.0477
7.75 2.5 8.52 0.035800000000000005
8.0 2.5 8.13 0.0217
8.25 2.5 7.920000000000001 0.0777
8.5 2.5 7.94 0.0282
8.75 2.5 7.5 0.0212
9.0 2.5 7.52 0.0164
9.25 2.5 7.15 0.00989
9.5 2.5 6.84 0.0169
9.75 2.5 6.96 0.00987
10.0 2.5 7.34 0.0143
10.25 2.5 7.01 0.016499999999999997
10.5 2.5 6.89 0.09680000000000001
10.75 2.5 7.279999999999999 0.0195
11.0 2.5 7.359999999999999 0.0843
11.25 2.5 7.08 0.486
11.5 2.5 7.760000000000001 0.144
11.75 2.5 7.43 0.0494
12.0 2.5 7.359999999999999 0.0823
12.25 2.5 7.53 0.118
12.5 2.5 7.48 0.057800000000000004
12.75 2.5 7.390000000000001 0.113
13.0 2.5 7.73 0.077
13.25 2.5 7.48 0.13799999999999998
13.5 2.5 8.18 0.0443
13.75 2.5 7.720000000000001 0.149
14.0 2.5 7.94 0.07160000000000001
14.25 2.5 8.04 0.112
14.5 2.5 7.52 0.0576
0.0 2.75 8.36 0.0795
0.25 2.75 9.07 0.0594
0.5 2.75 nan nan
0.75 2.75 8.780000000000001 0.16299999999999998
1.0 2.75 nan nan
1.25 2.75 8.66 0.182
1.5 2.75 7.7700000000000005 0.08270000000000001
1.75 2.75 7.880000000000001 0.0402
2.0 2.75 8.02 0.0376
2.25 2.75 8.08 0.0577
2.5 2.75 8.13 0.0779
2.75 2.75 8.610000000000001 0.858
3.0 2.75 7.96 0.11499999999999999
3.25 2.75 7.78 0.0684
3.5 2.75 nan nan
3.75 2.75 nan nan
4.0 2.75 nan nan
4.25 2.75 nan nan
4.5 2.75 nan nan
4.75 2.75 nan nan
5.0 2.75 8.04 0.098
5.25 2.75 8.780000000000001 0.0599
5.5 2.75 8.36 0.014199999999999999
5.75 2.75 8.35 0.0391
6.0 2.75 8.7 0.0538
6.25 2.75 8.36 0.047
6.5 2.75 8.280000000000001 0.0408
6.75 2.75 8.48 0.109
7.0 2.75 8.1 0.0457
7.25 2.75 8.1 0.0494
7.5 2.75 8.729999999999999 0.0565
7.75 2.75 8.34 0.055
8.0 2.75 8.209999999999999 0.108
8.25 2.75 8.47 0.0219
8.5 2.75 8.37 0.119
8.75 2.75 7.989999999999999 0.0141
9.0 2.75 7.710000000000001 0.0267
9.25 2.75 7.47 0.023899999999999998
9.5 2.75 6.88 0.030699999999999998
9.75 2.75 6.99 0.0298
10.0 2.75 7.07 0.0171
10.25 2.75 nan nan
10.5 2.75 nan nan
10.75 2.75 nan nan
11.0 2.75 7.48 0.19899999999999998
11.25 2.75 nan nan
11.5 2.75 nan nan
11.75 2.75 8.09 0.0538
12.0 2.75 9.16 0.5630000000000001
12.25 2.75 7.74 0.35900000000000004
12.5 2.75 7.880000000000001 0.0269
12.75 2.75 7.25 0.020999999999999998
13.0 2.75 7.21 0.207
13.25 2.75 7.55 0.050699999999999995
13.5 2.75 7.41 0.0678
13.75 2.75 7.59 0.0192
14.0 2.75 7.37 0.07429999999999999
14.25 2.75 7.56 0.019799999999999998
14.5 2.75 7.29 0.0599
0.0 3.0 6.98 0.181
0.25 3.0 7.0600000000000005 0.012100000000000001
0.5 3.0 7.56 0.012
0.75 3.0 7.300000000000001 0.0112
1.0 3.0 7.1899999999999995 0.00958
1.25 3.0 6.01 0.0148
1.5 3.0 6.58 0.19
1.75 3.0 5.91 0.026099999999999998
2.0 3.0 7.0 0.0636
2.25 3.0 6.93 0.0229
2.5 3.0 6.91 0.0223
2.75 3.0 7.41 0.222
3.0 3.0 7.29 0.036500000000000005
3.25 3.0 7.42 0.0296
3.5 3.0 7.1899999999999995 0.023899999999999998
3.75 3.0 5.98 0.0296
4.0 3.0 7.58 0.319
4.25 3.0 nan nan
4.5 3.0 nan nan
4.75 3.0 nan nan
5.0 3.0 8.02 1.21
5.25 3.0 7.3100000000000005 0.015
5.5 3.0 7.53 0.035899999999999994
5.75 3.0 7.59 0.0921
6.0 3.0 7.47 0.0613
6.25 3.0 7.659999999999999 0.09999999999999999
6.5 3.0 7.47 0.108
6.75 3.0 7.59 0.0166
7.0 3.0 7.35 0.0869
7.25 3.0 7.669999999999999 0.06369999999999999
7.5 3.0 7.300000000000001 0.0353
7.75 3.0 7.53 0.029
8.0 3.0 7.52 0.08600000000000001
8.25 3.0 7.47 0.046900000000000004
8.5 3.0 7.880000000000001 0.0439
8.75 3.0 7.59 0.048400000000000006
9.0 3.0 7.95 0.0668
9.25 3.0 7.880000000000001 0.0824
9.5 3.0 7.74 0.07880000000000001
9.75 3.0 8.66 0.207
10.0 3.0 nan nan
10.25 3.0 nan nan
10.5 3.0 nan nan
10.75 3.0 nan nan
11.0 3.0 8.47 0.0676
11.25 3.0 nan nan
11.5 3.0 nan nan
11.75 3.0 nan nan
12.0 3.0 nan nan
12.25 3.0 nan nan
12.5 3.0 nan nan
12.75 3.0 7.84 0.0569
13.0 3.0 7.81 0.0428
13.25 3.0 7.84 0.111
13.5 3.0 7.659999999999999 0.0147
13.75 3.0 7.829999999999999 0.0282
14.0 3.0 7.59 0.036599999999999994
14.25 3.0 7.57 0.0663
14.5 3.0 7.48 0.018299999999999997
0.0 3.25 7.390000000000001 0.0148
0.25 3.25 7.359999999999999 0.016499999999999997
0.5 3.25 7.390000000000001 0.0155
0.75 3.25 6.6499999999999995 0.013000000000000001
1.0 3.25 7.62 0.017
1.25 3.25 6.9399999999999995 0.0083
1.5 3.25 7.4399999999999995 0.0479
1.75 3.25 6.99 0.0263
2.0 3.25 7.119999999999999 0.166
2.25 3.25 7.04 0.019000000000000003
2.5 3.25 7.15 0.0476
2.75 3.25 6.93 0.0427
3.0 3.25 7.199999999999999 0.0217
3.25 3.25 7.26 0.0224
3.5 3.25 7.63 0.0298
3.75 3.25 7.4 0.113
4.0 3.25 nan nan
4.25 3.25 nan nan
4.5 3.25 7.25 0.07759999999999999
4.75 3.25 8.26 0.0473
5.0 3.25 7.54 0.125
5.25 3.25 8.06 0.09119999999999999
5.5 3.25 7.760000000000001 0.016300000000000002
5.75 3.25 7.73 0.0294
6.0 3.25 7.62 0.032299999999999995
6.25 3.25 7.279999999999999 0.0319
6.5 3.25 7.81 0.0771
6.75 3.25 7.4399999999999995 0.0455
7.0 3.25 7.760000000000001 0.062299999999999994
7.25 3.25 7.46 0.0276
7.5 3.25 7.81 0.06280000000000001
7.75 3.25 7.6499999999999995 0.134
8.0 3.25 7.57 0.0327
8.25 3.25 7.45 0.09839999999999999
8.5 3.25 7.7700000000000005 0.031
8.75 3.25 7.54 0.0566
9.0 3.25 7.47 0.0675
9.25 3.25 7.75 0.185
9.5 3.25 7.710000000000001 0.015799999999999998
9.75 3.25 7.989999999999999 0.0629
10.0 3.25 7.659999999999999 0.0422
10.25 3.25 8.35 0.284
10.5 3.25 7.33 0.0152
10.75 3.25 7.17 0.09169999999999999
11.0 3.25 7.669999999999999 0.0582
11.25 3.25 nan nan
11.5 3.25 nan nan
11.75 3.25 nan nan
12.0 3.25 nan nan
12.25 3.25 nan nan
12.5 3.25 nan nan
12.75 3.25 8.07 0.116
13.0 3.25 7.9 0.21
13.25 3.25 8.02 0.022600000000000002
13.5 3.25 7.8 0.032600000000000004
13.75 3.25 7.91 0.0532
14.0 3.25 7.890000000000001 0.325
14.25 3.25 7.710000000000001 0.0561
14.5 3.25 8.2 0.0728
0.0 3.5 nan nan
0.25 3.5 nan nan
0.5 3.5 nan nan
0.75 3.5 nan nan
1.0 3.5 nan nan
1.25 3.5 6.8 0.113
1.5 3.5 7.58 0.105
1.75 3.5 6.86 0.375
2.0 3.5 6.79 0.266
2.25 3.5 6.99 0.15
2.5 3.5 7.02 0.165
2.75 3.5 7.1899999999999995 0.156
3.0 3.5 7.359999999999999 0.0191
3.25 3.5 7.24 0.13899999999999998
3.5 3.5 7.41 0.0161
3.75 3.5 7.75 0.052000000000000005
4.0 3.5 7.75 0.0297
4.25 3.5 nan nan
4.5 3.5 8.97 0.054200000000000005
4.75 3.5 8.120000000000001 0.017599999999999998
5.0 3.5 7.869999999999999 0.0236
5.25 3.5 7.890000000000001 0.0191
5.5 3.5 7.880000000000001 0.0152
5.75 3.5 8.13 0.0254
6.0 3.5 8.120000000000001 0.0417
6.25 3.5 7.97 0.028900000000000002
6.5 3.5 7.85 0.0162
6.75 3.5 7.6899999999999995 0.0881
7.0 3.5 7.81 0.09430000000000001
7.25 3.5 7.48 0.124
7.5 3.5 7.710000000000001 0.0512
7.75 3.5 7.95 0.09119999999999999
8.0 3.5 7.55 0.050699999999999995
8.25 3.5 7.62 0.0264
8.5 3.5 7.49 0.0683
8.75 3.5 7.48 0.0107
9.0 3.5 8.13 0.0304
9.25 3.5 7.760000000000001 0.062099999999999995
9.5 3.5 7.58 0.0721
9.75 3.5 7.710000000000001 0.0238
10.0 3.5 7.73 0.0692
10.25 3.5 7.34 0.0243
10.5 3.5 8.36 0.0281
10.75 3.5 8.04 0.019000000000000003
11.0 3.5 6.56 0.06949999999999999
11.25 3.5 nan 0.207
11.5 3.5 nan 0.116
11.75 3.5 nan nan
12.0 3.5 nan nan
12.25 3.5 6.9 0.41
12.5 3.5 nan nan
12.75 3.5 nan nan
13.0 3.5 8.04 0.0346
13.25 3.5 8.49 0.0526
13.5 3.5 8.620000000000001 0.061399999999999996
13.75 3.5 8.19 0.224
14.0 3.5 8.9 0.0999
14.25 3.5 8.290000000000001 0.061399999999999996
14.5 3.5 7.989999999999999 0.081
0.0 3.75 nan nan
0.25 3.75 nan nan
0.5 3.75 nan nan
0.75 3.75 nan nan
1.0 3.75 nan nan
1.25 3.75 nan nan
1.5 3.75 5.82 1.2
1.75 3.75 6.83 0.0764
2.0 3.75 6.97 0.114
2.25 3.75 7.140000000000001 0.0941
2.5 3.75 6.92 0.245
2.75 3.75 7.45 0.0726
3.0 3.75 7.62 0.026000000000000002
3.25 3.75 7.62 0.118
3.5 3.75 7.59 0.056799999999999996
3.75 3.75 8.13 0.0266
4.0 3.75 7.700000000000001 0.0199
4.25 3.75 7.9 0.019700000000000002
4.5 3.75 7.6899999999999995 0.015300000000000001
4.75 3.75 7.46 0.0355
5.0 3.75 7.48 0.065
5.25 3.75 7.6499999999999995 0.0231
5.5 3.75 7.49 0.0111
5.75 3.75 7.829999999999999 0.009699999999999999
6.0 3.75 7.81 0.0193
6.25 3.75 7.43 0.0178
6.5 3.75 7.58 0.128
6.75 3.75 7.390000000000001 0.13899999999999998
7.0 3.75 7.37 0.352
7.25 3.75 7.62 0.0286
7.5 3.75 7.74 0.024599999999999997
7.75 3.75 7.6 0.0266
8.0 3.75 7.59 0.06770000000000001
8.25 3.75 7.51 0.0747
8.5 3.75 7.829999999999999 0.033600000000000005
8.75 3.75 7.56 0.0331
9.0 3.75 7.8 0.0863
9.25 3.75 7.54 0.0315
9.5 3.75 7.55 0.040100000000000004
9.75 3.75 7.5 0.0398
10.0 3.75 7.5 0.0265
10.25 3.75 7.42 0.0062499999999999995
10.5 3.75 8.0 0.0639
10.75 3.75 7.3100000000000005 0.08889999999999999
11.0 3.75 8.33 0.060899999999999996
11.25 3.75 7.64 0.030199999999999998
11.5 3.75 8.889999999999999 0.0921
11.75 3.75 8.86 0.0505
12.0 3.75 nan nan
12.25 3.75 7.84 0.0489
12.5 3.75 8.35 0.5519999999999999
12.75 3.75 8.450000000000001 0.061900000000000004
13.0 3.75 8.41 0.24400000000000002
13.25 3.75 8.75 0.09119999999999999
13.5 3.75 8.46 0.0763
13.75 3.75 8.33 0.0661
14.0 3.75 8.75 0.145
14.25 3.75 8.31 0.13199999999999998
14.5 3.75 8.11 0.0754
0.0 4.0 nan nan
0.25 4.0 nan nan
0.5 4.0 nan nan
0.75 4.0 nan nan
1.0 4.0 nan nan
1.25 4.0 nan nan
1.5 4.0 nan nan
1.75 4.0 6.4799999999999995 0.027
2.0 4.0 7.15 0.226
2.25 4.0 7.199999999999999 0.13199999999999998
2.5 4.0 7.390000000000001 0.0709
2.75 4.0 7.51 0.044899999999999995
3.0 4.0 7.57 0.0342
3.25 4.0 7.75 0.0451
3.5 4.0 7.880000000000001 0.0229
3.75 4.0 7.75 0.0234
4.0 4.0 nan nan
4.25 4.0 7.57 0.0162
4.5 4.0 7.29 0.00759
4.75 4.0 7.3100000000000005 0.0164
5.0 4.0 7.109999999999999 0.0667
5.25 4.0 nan nan
5.5 4.0 nan nan
5.75 4.0 7.45 0.0829
6.0 4.0 6.56 0.0489
6.25 4.0 7.61 0.028399999999999998
6.5 4.0 7.6 0.0164
6.75 4.0 7.73 0.019700000000000002
7.0 4.0 7.710000000000001 0.0346
7.25 4.0 7.58 0.0225
7.5 4.0 8.01 0.019700000000000002
7.75 4.0 8.0 0.026799999999999997
8.0 4.0 7.880000000000001 0.02
8.25 4.0 7.6899999999999995 0.12200000000000001
8.5 4.0 7.73 0.014199999999999999
8.75 4.0 7.760000000000001 0.023
9.0 4.0 7.97 0.0286
9.25 4.0 7.930000000000001 0.0169
9.5 4.0 7.859999999999999 0.019000000000000003
9.75 4.0 7.47 0.0207
10.0 4.0 7.46 0.0136
10.25 4.0 7.5 0.0138
10.5 4.0 6.8 0.016499999999999997
10.75 4.0 6.85 0.012499999999999999
11.0 4.0 7.0 0.275
11.25 4.0 7.42 0.14100000000000001
11.5 4.0 7.63 0.0233
11.75 4.0 nan 0.0424
12.0 4.0 7.880000000000001 0.047099999999999996
12.25 4.0 7.859999999999999 0.0353
12.5 4.0 8.54 0.48699999999999993
12.75 4.0 nan nan
13.0 4.0 nan nan
13.25 4.0 nan nan
13.5 4.0 9.31 0.20900000000000002
13.75 4.0 9.33 0.385
14.0 4.0 8.34 0.0863
14.25 4.0 8.91 0.381
14.5 4.0 8.709999999999999 0.12
0.0 4.25 nan nan
0.25 4.25 nan nan
0.5 4.25 nan nan
0.75 4.25 nan nan
1.0 4.25 nan nan
1.25 4.25 nan nan
1.5 4.25 nan nan
1.75 4.25 6.489999999999999 0.0441
2.0 4.25 6.53 0.0545
2.25 4.25 7.32 0.015399999999999999
2.5 4.25 7.29 0.0391
2.75 4.25 7.25 0.029
3.0 4.25 7.53 0.0182
3.25 4.25 7.59 0.0178
3.5 4.25 nan nan
3.75 4.25 7.199999999999999 0.0203
4.0 4.25 6.8 0.0127
4.25 4.25 6.53 0.0819
4.5 4.25 6.7700000000000005 0.0112
4.75 4.25 nan nan
5.0 4.25 6.86 0.10700000000000001
5.25 4.25 nan nan
5.5 4.25 7.07 0.0458
5.75 4.25 nan nan
6.0 4.25 nan nan
6.25 4.25 nan nan
6.5 4.25 7.9799999999999995 0.013000000000000001
6.75 4.25 7.760000000000001 0.026799999999999997
7.0 4.25 8.0 0.015600000000000001
7.25 4.25 7.710000000000001 0.024999999999999998
7.5 4.25 7.62 0.0118
7.75 4.25 7.75 0.0256
8.0 4.25 7.63 0.016499999999999997
8.25 4.25 7.53 0.018
8.5 4.25 7.55 0.0171
8.75 4.25 nan nan
9.0 4.25 nan nan
9.25 4.25 nan nan
9.5 4.25 nan nan
9.75 4.25 nan nan
10.0 4.25 nan nan
10.25 4.25 nan nan
10.5 4.25 nan nan
10.75 4.25 nan nan
11.0 4.25 7.15 0.0175
11.25 4.25 7.220000000000001 0.0259
11.5 4.25 7.08 0.0303
11.75 4.25 6.86 0.0263
12.0 4.25 7.199999999999999 0.0318
12.25 4.25 7.55 0.027800000000000002
12.5 4.25 7.5 0.0298
12.75 4.25 7.78 0.116
13.0 4.25 7.81 0.174
13.25 4.25 7.930000000000001 0.0878
13.5 4.25 8.24 1.06
13.75 4.25 nan nan
14.0 4.25 7.989999999999999 0.799
14.25 4.25 nan nan
14.5 4.25 9.31 0.116
