0.0 0.0 nan
0.25 0.0 nan
0.5 0.0 nan
0.75 0.0 5.779999999999999
1.0 0.0 6.31
1.25 0.0 5.71
1.5 0.0 5.92
1.75 0.0 6.04
2.0 0.0 5.68
2.25 0.0 6.36
2.5 0.0 5.640000000000001
2.75 0.0 5.92
3.0 0.0 5.98
3.25 0.0 6.2299999999999995
3.5 0.0 5.76
3.75 0.0 6.33
4.0 0.0 5.779999999999999
4.25 0.0 5.84
4.5 0.0 5.75
4.75 0.0 6.03
5.0 0.0 5.779999999999999
5.25 0.0 5.88
5.5 0.0 5.9399999999999995
5.75 0.0 6.15
6.0 0.0 6.37
6.25 0.0 7.220000000000001
6.5 0.0 7.220000000000001
6.75 0.0 7.26
7.0 0.0 7.54
7.25 0.0 7.6
7.5 0.0 7.34
7.75 0.0 7.09
8.0 0.0 7.4
8.25 0.0 7.53
8.5 0.0 7.199999999999999
8.75 0.0 7.930000000000001
9.0 0.0 7.16
9.25 0.0 7.220000000000001
9.5 0.0 6.96
9.75 0.0 7.04
10.0 0.0 7.130000000000001
10.25 0.0 7.119999999999999
10.5 0.0 7.07
10.75 0.0 6.98
11.0 0.0 7.130000000000001
11.25 0.0 7.08
11.5 0.0 6.98
11.75 0.0 6.98
12.0 0.0 6.99
12.25 0.0 6.98
12.5 0.0 7.29
12.75 0.0 7.220000000000001
13.0 0.0 7.38
13.25 0.0 7.37
13.5 0.0 7.15
13.75 0.0 7.45
14.0 0.0 7.46
14.25 0.0 7.4
14.5 0.0 7.41
0.0 0.25 6.16
0.25 0.25 6.09
0.5 0.25 6.44
0.75 0.25 6.02
1.0 0.25 6.11
1.25 0.25 6.11
1.5 0.25 6.59
1.75 0.25 6.05
2.0 0.25 6.01
2.25 0.25 5.82
2.5 0.25 5.859999999999999
2.75 0.25 6.3
3.0 0.25 6.3
3.25 0.25 5.77
3.5 0.25 6.24
3.75 0.25 5.6899999999999995
4.0 0.25 5.9
4.25 0.25 6.09
4.5 0.25 6.08
4.75 0.25 5.68
5.0 0.25 7.02
5.25 0.25 6.7299999999999995
5.5 0.25 6.96
5.75 0.25 6.53
6.0 0.25 7.68
6.25 0.25 7.24
6.5 0.25 8.25
6.75 0.25 nan
7.0 0.25 nan
7.25 0.25 7.710000000000001
7.5 0.25 8.36
7.75 0.25 8.27
8.0 0.25 7.9
8.25 0.25 8.280000000000001
8.5 0.25 7.829999999999999
8.75 0.25 7.669999999999999
9.0 0.25 7.6499999999999995
9.25 0.25 7.79
9.5 0.25 7.7700000000000005
9.75 0.25 7.819999999999999
10.0 0.25 7.59
10.25 0.25 7.55
10.5 0.25 7.25
10.75 0.25 7.33
11.0 0.25 7.38
11.25 0.25 7.42
11.5 0.25 7.25
11.75 0.25 7.21
12.0 0.25 7.3100000000000005
12.25 0.25 7.46
12.5 0.25 7.359999999999999
12.75 0.25 7.16
13.0 0.25 7.220000000000001
13.25 0.25 7.279999999999999
13.5 0.25 7.130000000000001
13.75 0.25 7.33
14.0 0.25 7.32
14.25 0.25 6.97
14.5 0.25 7.37
0.0 0.5 5.95
0.25 0.5 6.29
0.5 0.5 6.31
0.75 0.5 5.800000000000001
1.0 0.5 6.13
1.25 0.5 6.29
1.5 0.5 6.44
1.75 0.5 5.9
2.0 0.5 6.15
2.25 0.5 5.779999999999999
2.5 0.5 6.03
2.75 0.5 5.95
3.0 0.5 6.05
3.25 0.5 6.1
3.5 0.5 6.29
3.75 0.5 6.45
4.0 0.5 6.76
4.25 0.5 6.81
4.5 0.5 nan
4.75 0.5 7.25
5.0 0.5 6.81
5.25 0.5 7.07
5.5 0.5 6.99
5.75 0.5 6.79
6.0 0.5 8.02
6.25 0.5 9.72
6.5 0.5 nan
6.75 0.5 8.37
7.0 0.5 nan
7.25 0.5 nan
7.5 0.5 nan
7.75 0.5 8.49
8.0 0.5 8.1
8.25 0.5 7.64
8.5 0.5 7.68
8.75 0.5 7.52
9.0 0.5 7.760000000000001
9.25 0.5 8.03
9.5 0.5 8.37
9.75 0.5 7.84
10.0 0.5 7.81
10.25 0.5 7.720000000000001
10.5 0.5 8.049999999999999
10.75 0.5 7.95
11.0 0.5 7.51
11.25 0.5 7.5
11.5 0.5 7.46
11.75 0.5 7.4
12.0 0.5 7.220000000000001
12.25 0.5 7.53
12.5 0.5 7.62
12.75 0.5 7.43
13.0 0.5 7.1
13.25 0.5 7.02
13.5 0.5 7.199999999999999
13.75 0.5 7.02
14.0 0.5 6.88
14.25 0.5 7.21
14.5 0.5 6.97
0.0 0.75 6.95
0.25 0.75 6.9399999999999995
0.5 0.75 6.14
0.75 0.75 6.5200000000000005
1.0 0.75 6.16
1.25 0.75 6.33
1.5 0.75 5.87
1.75 0.75 6.78
2.0 0.75 5.93
2.25 0.75 6.08
2.5 0.75 6.38
2.75 0.75 5.95
3.0 0.75 6.45
3.25 0.75 6.6499999999999995
3.5 0.75 7.34
3.75 0.75 6.81
4.0 0.75 7.25
4.25 0.75 7.279999999999999
4.5 0.75 6.91
4.75 0.75 7.07
5.0 0.75 6.9399999999999995
5.25 0.75 7.130000000000001
5.5 0.75 7.08
5.75 0.75 8.16
6.0 0.75 8.31
6.25 0.75 9.57
6.5 0.75 nan
6.75 0.75 nan
7.0 0.75 nan
7.25 0.75 nan
7.5 0.75 7.84
7.75 0.75 7.32
8.0 0.75 7.38
8.25 0.75 7.359999999999999
8.5 0.75 7.35
8.75 0.75 7.140000000000001
9.0 0.75 7.359999999999999
9.25 0.75 7.59
9.5 0.75 7.4399999999999995
9.75 0.75 7.4
10.0 0.75 7.710000000000001
10.25 0.75 7.42
10.5 0.75 7.85
10.75 0.75 8.37
11.0 0.75 7.890000000000001
11.25 0.75 7.48
11.5 0.75 7.53
11.75 0.75 7.9
12.0 0.75 7.55
12.25 0.75 7.26
12.5 0.75 7.61
12.75 0.75 7.37
13.0 0.75 7.23
13.25 0.75 7.4
13.5 0.75 7.220000000000001
13.75 0.75 7.1
14.0 0.75 6.97
14.25 0.75 7.04
14.5 0.75 6.95
0.0 1.0 7.199999999999999
0.25 1.0 7.16
0.5 1.0 6.76
0.75 1.0 6.2
1.0 1.0 6.6000000000000005
1.25 1.0 6.21
1.5 1.0 6.04
1.75 1.0 6.24
2.0 1.0 6.569999999999999
2.25 1.0 5.91
2.5 1.0 6.409999999999999
2.75 1.0 7.27
3.0 1.0 7.199999999999999
3.25 1.0 6.95
3.5 1.0 6.78
3.75 1.0 6.83
4.0 1.0 6.76
4.25 1.0 6.87
4.5 1.0 7.140000000000001
4.75 1.0 7.29
5.0 1.0 7.199999999999999
5.25 1.0 7.42
5.5 1.0 7.4399999999999995
5.75 1.0 nan
6.0 1.0 nan
6.25 1.0 nan
6.5 1.0 nan
6.75 1.0 7.6
7.0 1.0 7.29
7.25 1.0 7.42
7.5 1.0 7.659999999999999
7.75 1.0 7.38
8.0 1.0 7.35
8.25 1.0 7.23
8.5 1.0 7.08
8.75 1.0 7.27
9.0 1.0 7.1
9.25 1.0 7.0
9.5 1.0 7.1
9.75 1.0 6.9399999999999995
10.0 1.0 7.1
10.25 1.0 7.140000000000001
10.5 1.0 7.62
10.75 1.0 7.74
11.0 1.0 8.13
11.25 1.0 7.73
11.5 1.0 7.43
11.75 1.0 7.73
12.0 1.0 7.61
12.25 1.0 7.760000000000001
12.5 1.0 7.300000000000001
12.75 1.0 7.29
13.0 1.0 7.49
13.25 1.0 7.04
13.5 1.0 7.09
13.75 1.0 7.01
14.0 1.0 7.07
14.25 1.0 7.08
14.5 1.0 7.33
0.0 1.25 7.5
0.25 1.25 8.42
0.5 1.25 7.56
0.75 1.25 7.02
1.0 1.25 6.14
1.25 1.25 6.47
1.5 1.25 6.3
1.75 1.25 6.26
2.0 1.25 6.05
2.25 1.25 6.6000000000000005
2.5 1.25 7.199999999999999
2.75 1.25 6.96
3.0 1.25 7.199999999999999
3.25 1.25 7.42
3.5 1.25 6.86
3.75 1.25 7.1
4.0 1.25 6.9399999999999995
4.25 1.25 7.32
4.5 1.25 7.25
4.75 1.25 7.4399999999999995
5.0 1.25 7.42
5.25 1.25 7.33
5.5 1.25 7.94
5.75 1.25 nan
6.0 1.25 nan
6.25 1.25 7.819999999999999
6.5 1.25 7.01
6.75 1.25 7.1899999999999995
7.0 1.25 7.279999999999999
7.25 1.25 7.4399999999999995
7.5 1.25 7.61
7.75 1.25 7.199999999999999
8.0 1.25 7.17
8.25 1.25 7.21
8.5 1.25 7.48
8.75 1.25 7.01
9.0 1.25 nan
9.25 1.25 7.37
9.5 1.25 7.4399999999999995
9.75 1.25 7.1899999999999995
10.0 1.25 7.48
10.25 1.25 7.26
10.5 1.25 7.659999999999999
10.75 1.25 7.74
11.0 1.25 7.819999999999999
11.25 1.25 7.6899999999999995
11.5 1.25 7.62
11.75 1.25 7.359999999999999
12.0 1.25 7.45
12.25 1.25 7.18
12.5 1.25 7.18
12.75 1.25 7.15
13.0 1.25 7.49
13.25 1.25 7.16
13.5 1.25 6.89
13.75 1.25 7.01
14.0 1.25 7.119999999999999
14.25 1.25 6.91
14.5 1.25 6.91
0.0 1.5 8.18
0.25 1.5 8.399999999999999
0.5 1.5 8.35
0.75 1.5 7.96
1.0 1.5 7.119999999999999
1.25 1.5 7.0
1.5 1.5 6.87
1.75 1.5 6.7700000000000005
2.0 1.5 7.119999999999999
2.25 1.5 7.3100000000000005
2.5 1.5 7.84
2.75 1.5 7.79
3.0 1.5 7.78
3.25 1.5 8.11
3.5 1.5 7.760000000000001
3.75 1.5 7.74
4.0 1.5 7.720000000000001
4.25 1.5 7.74
4.5 1.5 7.84
4.75 1.5 7.890000000000001
5.0 1.5 8.07
5.25 1.5 nan
5.5 1.5 nan
5.75 1.5 8.2
6.0 1.5 8.0
6.25 1.5 7.930000000000001
6.5 1.5 7.56
6.75 1.5 7.75
7.0 1.5 7.659999999999999
7.25 1.5 7.32
7.5 1.5 7.62
7.75 1.5 7.54
8.0 1.5 7.45
8.25 1.5 7.359999999999999
8.5 1.5 7.04
8.75 1.5 7.16
9.0 1.5 7.279999999999999
9.25 1.5 6.76
9.5 1.5 7.09
9.75 1.5 7.16
10.0 1.5 7.07
10.25 1.5 7.09
10.5 1.5 7.21
10.75 1.5 7.869999999999999
11.0 1.5 7.890000000000001
11.25 1.5 7.85
11.5 1.5 7.53
11.75 1.5 7.5
12.0 1.5 7.3100000000000005
12.25 1.5 7.74
12.5 1.5 7.61
12.75 1.5 7.47
13.0 1.5 7.359999999999999
13.25 1.5 7.58
13.5 1.5 7.29
13.75 1.5 7.33
14.0 1.5 7.27
14.25 1.5 7.15
14.5 1.5 7.199999999999999
0.0 1.75 8.14
0.25 1.75 8.049999999999999
0.5 1.75 7.68
0.75 1.75 8.049999999999999
1.0 1.75 7.54
1.25 1.75 6.97
1.5 1.75 7.09
1.75 1.75 6.92
2.0 1.75 7.890000000000001
2.25 1.75 7.63
2.5 1.75 8.049999999999999
2.75 1.75 8.41
3.0 1.75 8.25
3.25 1.75 7.9799999999999995
3.5 1.75 7.85
3.75 1.75 7.930000000000001
4.0 1.75 8.66
4.25 1.75 8.23
4.5 1.75 7.96
4.75 1.75 nan
5.0 1.75 nan
5.25 1.75 nan
5.5 1.75 nan
5.75 1.75 7.97
6.0 1.75 8.03
6.25 1.75 8.16
6.5 1.75 8.18
6.75 1.75 7.97
7.0 1.75 7.43
7.25 1.75 7.55
7.5 1.75 7.43
7.75 1.75 7.25
8.0 1.75 7.79
8.25 1.75 7.08
8.5 1.75 7.24
8.75 1.75 7.18
9.0 1.75 6.66
9.25 1.75 7.07
9.5 1.75 6.76
9.75 1.75 6.61
10.0 1.75 7.359999999999999
10.25 1.75 6.6499999999999995
10.5 1.75 6.97
10.75 1.75 7.24
11.0 1.75 7.95
11.25 1.75 7.95
11.5 1.75 7.96
11.75 1.75 8.11
12.0 1.75 7.6499999999999995
12.25 1.75 7.62
12.5 1.75 7.700000000000001
12.75 1.75 8.16
13.0 1.75 8.24
13.25 1.75 8.08
13.5 1.75 7.819999999999999
13.75 1.75 8.09
14.0 1.75 7.859999999999999
14.25 1.75 7.73
14.5 1.75 8.06
0.0 2.0 9.26
0.25 2.0 8.24
0.5 2.0 8.51
0.75 2.0 8.2
1.0 2.0 7.42
1.25 2.0 6.97
1.5 2.0 7.37
1.75 2.0 7.0600000000000005
2.0 2.0 8.96
2.25 2.0 8.37
2.5 2.0 8.01
2.75 2.0 8.04
3.0 2.0 8.17
3.25 2.0 8.950000000000001
3.5 2.0 8.08
3.75 2.0 7.91
4.0 2.0 8.780000000000001
4.25 2.0 9.16
4.5 2.0 nan
4.75 2.0 nan
5.0 2.0 nan
5.25 2.0 nan
5.5 2.0 8.46
5.75 2.0 8.5
6.0 2.0 8.82
6.25 2.0 8.48
6.5 2.0 8.47
6.75 2.0 8.290000000000001
7.0 2.0 8.03
7.25 2.0 7.859999999999999
7.5 2.0 8.219999999999999
7.75 2.0 8.15
8.0 2.0 8.06
8.25 2.0 7.390000000000001
8.5 2.0 7.3100000000000005
8.75 2.0 6.69
9.0 2.0 6.3
9.25 2.0 6.59
9.5 2.0 6.46
9.75 2.0 6.74
10.0 2.0 7.21
10.25 2.0 6.92
10.5 2.0 6.97
10.75 2.0 7.02
11.0 2.0 7.829999999999999
11.25 2.0 7.41
11.5 2.0 7.45
11.75 2.0 7.279999999999999
12.0 2.0 7.32
12.25 2.0 7.18
12.5 2.0 7.220000000000001
12.75 2.0 7.710000000000001
13.0 2.0 7.55
13.25 2.0 7.989999999999999
13.5 2.0 7.96
13.75 2.0 7.6
14.0 2.0 7.85
14.25 2.0 7.6899999999999995
14.5 2.0 7.61
0.0 2.25 8.18
0.25 2.25 8.03
0.5 2.25 8.01
0.75 2.25 8.03
1.0 2.25 8.19
1.25 2.25 7.26
1.5 2.25 6.54
1.75 2.25 6.76
2.0 2.25 8.280000000000001
2.25 2.25 7.85
2.5 2.25 7.68
2.75 2.25 7.52
3.0 2.25 7.96
3.25 2.25 7.74
3.5 2.25 7.700000000000001
3.75 2.25 7.760000000000001
4.0 2.25 8.389999999999999
4.25 2.25 nan
4.5 2.25 nan
4.75 2.25 nan
5.0 2.25 nan
5.25 2.25 8.14
5.5 2.25 8.01
5.75 2.25 8.280000000000001
6.0 2.25 8.06
6.25 2.25 7.81
6.5 2.25 8.35
6.75 2.25 8.31
7.0 2.25 8.120000000000001
7.25 2.25 8.46
7.5 2.25 8.16
7.75 2.25 8.52
8.0 2.25 8.13
8.25 2.25 7.920000000000001
8.5 2.25 7.94
8.75 2.25 7.5
9.0 2.25 7.52
9.25 2.25 7.15
9.5 2.25 6.84
9.75 2.25 6.96
10.0 2.25 7.34
10.25 2.25 7.01
10.5 2.25 6.89
10.75 2.25 7.279999999999999
11.0 2.25 7.359999999999999
11.25 2.25 7.08
11.5 2.25 7.760000000000001
11.75 2.25 7.43
12.0 2.25 7.359999999999999
12.25 2.25 7.53
12.5 2.25 7.48
12.75 2.25 7.390000000000001
13.0 2.25 7.73
13.25 2.25 7.48
13.5 2.25 8.18
13.75 2.25 7.720000000000001
14.0 2.25 7.94
14.25 2.25 8.04
14.5 2.25 7.52
0.0 2.5 8.36
0.25 2.5 9.07
0.5 2.5 nan
0.75 2.5 8.780000000000001
1.0 2.5 nan
1.25 2.5 8.66
1.5 2.5 7.7700000000000005
1.75 2.5 7.880000000000001
2.0 2.5 8.02
2.25 2.5 8.08
2.5 2.5 8.13
2.75 2.5 8.610000000000001
3.0 2.5 7.96
3.25 2.5 7.78
3.5 2.5 nan
3.75 2.5 nan
4.0 2.5 nan
4.25 2.5 nan
4.5 2.5 nan
4.75 2.5 nan
5.0 2.5 8.04
5.25 2.5 8.780000000000001
5.5 2.5 8.36
5.75 2.5 8.35
6.0 2.5 8.7
6.25 2.5 8.36
6.5 2.5 8.280000000000001
6.75 2.5 8.48
7.0 2.5 8.1
7.25 2.5 8.1
7.5 2.5 8.729999999999999
7.75 2.5 8.34
8.0 2.5 8.209999999999999
8.25 2.5 8.47
8.5 2.5 8.37
8.75 2.5 7.989999999999999
9.0 2.5 7.710000000000001
9.25 2.5 7.47
9.5 2.5 6.88
9.75 2.5 6.99
10.0 2.5 7.07
10.25 2.5 nan
10.5 2.5 nan
10.75 2.5 nan
11.0 2.5 7.48
11.25 2.5 nan
11.5 2.5 nan
11.75 2.5 8.09
12.0 2.5 9.16
12.25 2.5 7.74
12.5 2.5 7.880000000000001
12.75 2.5 7.25
13.0 2.5 7.21
13.25 2.5 7.55
13.5 2.5 7.41
13.75 2.5 7.59
14.0 2.5 7.37
14.25 2.5 7.56
14.5 2.5 7.29
0.0 2.75 nan
0.25 2.75 nan
0.5 2.75 nan
0.75 2.75 nan
1.0 2.75 nan
1.25 2.75 nan
1.5 2.75 nan
1.75 2.75 nan
2.0 2.75 nan
2.25 2.75 nan
2.5 2.75 9.22
2.75 2.75 9.819999999999999
3.0 2.75 9.11
3.25 2.75 9.540000000000001
3.5 2.75 9.690000000000001
3.75 2.75 nan
4.0 2.75 nan
4.25 2.75 nan
4.5 2.75 nan
4.75 2.75 nan
5.0 2.75 nan
5.25 2.75 nan
5.5 2.75 nan
5.75 2.75 nan
6.0 2.75 nan
6.25 2.75 9.57
6.5 2.75 8.75
6.75 2.75 8.51
7.0 2.75 9.67
7.25 2.75 8.46
7.5 2.75 8.49
7.75 2.75 8.620000000000001
8.0 2.75 8.760000000000002
8.25 2.75 8.709999999999999
8.5 2.75 8.600000000000001
8.75 2.75 8.54
9.0 2.75 8.43
9.25 2.75 8.600000000000001
9.5 2.75 8.02
9.75 2.75 7.890000000000001
10.0 2.75 7.38
10.25 2.75 7.62
10.5 2.75 nan
10.75 2.75 nan
11.0 2.75 8.47
11.25 2.75 nan
11.5 2.75 nan
11.75 2.75 nan
12.0 2.75 nan
12.25 2.75 nan
12.5 2.75 nan
12.75 2.75 7.84
13.0 2.75 7.81
13.25 2.75 7.84
13.5 2.75 7.659999999999999
13.75 2.75 7.829999999999999
14.0 2.75 7.59
14.25 2.75 7.57
14.5 2.75 7.48
0.0 3.0 nan
0.25 3.0 nan
0.5 3.0 nan
0.75 3.0 nan
1.0 3.0 nan
1.25 3.0 nan
1.5 3.0 nan
1.75 3.0 nan
2.0 3.0 nan
2.25 3.0 nan
2.5 3.0 nan
2.75 3.0 nan
3.0 3.0 nan
3.25 3.0 nan
3.5 3.0 nan
3.75 3.0 nan
4.0 3.0 nan
4.25 3.0 nan
4.5 3.0 nan
4.75 3.0 nan
5.0 3.0 nan
5.25 3.0 nan
5.5 3.0 nan
5.75 3.0 nan
6.0 3.0 nan
6.25 3.0 nan
6.5 3.0 nan
6.75 3.0 nan
7.0 3.0 9.15
7.25 3.0 10.200000000000001
7.5 3.0 9.809999999999999
7.75 3.0 9.9
8.0 3.0 8.63
8.25 3.0 nan
8.5 3.0 8.91
8.75 3.0 8.65
9.0 3.0 9.01
9.25 3.0 9.08
9.5 3.0 9.2
9.75 3.0 8.569999999999999
10.0 3.0 8.450000000000001
10.25 3.0 8.46
10.5 3.0 7.33
10.75 3.0 7.17
11.0 3.0 7.669999999999999
11.25 3.0 nan
11.5 3.0 nan
11.75 3.0 nan
12.0 3.0 nan
12.25 3.0 nan
12.5 3.0 nan
12.75 3.0 8.07
13.0 3.0 7.9
13.25 3.0 8.02
13.5 3.0 7.8
13.75 3.0 7.91
14.0 3.0 7.890000000000001
14.25 3.0 7.710000000000001
14.5 3.0 8.2
0.0 3.25 nan
0.25 3.25 nan
0.5 3.25 nan
0.75 3.25 nan
1.0 3.25 nan
1.25 3.25 nan
1.5 3.25 nan
1.75 3.25 nan
2.0 3.25 nan
2.25 3.25 nan
2.5 3.25 nan
2.75 3.25 nan
3.0 3.25 nan
3.25 3.25 nan
3.5 3.25 nan
3.75 3.25 nan
4.0 3.25 nan
4.25 3.25 nan
4.5 3.25 nan
4.75 3.25 nan
5.0 3.25 nan
5.25 3.25 nan
5.5 3.25 nan
5.75 3.25 nan
6.0 3.25 nan
6.25 3.25 nan
6.5 3.25 nan
6.75 3.25 nan
7.0 3.25 nan
7.25 3.25 nan
7.5 3.25 nan
7.75 3.25 nan
8.0 3.25 nan
8.25 3.25 nan
8.5 3.25 nan
8.75 3.25 nan
9.0 3.25 10.5
9.25 3.25 nan
9.5 3.25 nan
9.75 3.25 9.52
10.0 3.25 9.26
10.25 3.25 8.84
10.5 3.25 8.36
10.75 3.25 8.04
11.0 3.25 6.56
11.25 3.25 10.6
11.5 3.25 10.5
11.75 3.25 nan
12.0 3.25 nan
12.25 3.25 6.9
12.5 3.25 nan
12.75 3.25 nan
13.0 3.25 8.04
13.25 3.25 8.49
13.5 3.25 8.620000000000001
13.75 3.25 8.19
14.0 3.25 8.9
14.25 3.25 8.290000000000001
14.5 3.25 7.989999999999999
0.0 3.5 nan
0.25 3.5 nan
0.5 3.5 nan
0.75 3.5 nan
1.0 3.5 nan
1.25 3.5 nan
1.5 3.5 nan
1.75 3.5 nan
2.0 3.5 nan
2.25 3.5 nan
2.5 3.5 nan
2.75 3.5 nan
3.0 3.5 nan
3.25 3.5 nan
3.5 3.5 nan
3.75 3.5 nan
4.0 3.5 nan
4.25 3.5 nan
4.5 3.5 nan
4.75 3.5 nan
5.0 3.5 nan
5.25 3.5 nan
5.5 3.5 nan
5.75 3.5 nan
6.0 3.5 nan
6.25 3.5 nan
6.5 3.5 nan
6.75 3.5 nan
7.0 3.5 nan
7.25 3.5 nan
7.5 3.5 nan
7.75 3.5 nan
8.0 3.5 nan
8.25 3.5 nan
8.5 3.5 nan
8.75 3.5 nan
9.0 3.5 nan
9.25 3.5 nan
9.5 3.5 nan
9.75 3.5 nan
10.0 3.5 nan
10.25 3.5 nan
10.5 3.5 nan
10.75 3.5 nan
11.0 3.5 8.33
11.25 3.5 7.64
11.5 3.5 8.889999999999999
11.75 3.5 8.86
12.0 3.5 nan
12.25 3.5 7.84
12.5 3.5 8.35
12.75 3.5 8.450000000000001
13.0 3.5 8.41
13.25 3.5 8.75
13.5 3.5 8.46
13.75 3.5 8.33
14.0 3.5 8.75
14.25 3.5 8.31
14.5 3.5 8.11
0.0 3.75 nan
0.25 3.75 nan
0.5 3.75 nan
0.75 3.75 nan
1.0 3.75 nan
1.25 3.75 nan
1.5 3.75 nan
1.75 3.75 nan
2.0 3.75 nan
2.25 3.75 nan
2.5 3.75 nan
2.75 3.75 nan
3.0 3.75 nan
3.25 3.75 nan
3.5 3.75 nan
3.75 3.75 nan
4.0 3.75 nan
4.25 3.75 nan
4.5 3.75 nan
4.75 3.75 nan
5.0 3.75 nan
5.25 3.75 nan
5.5 3.75 nan
5.75 3.75 nan
6.0 3.75 nan
6.25 3.75 nan
6.5 3.75 nan
6.75 3.75 nan
7.0 3.75 nan
7.25 3.75 nan
7.5 3.75 nan
7.75 3.75 nan
8.0 3.75 nan
8.25 3.75 nan
8.5 3.75 nan
8.75 3.75 nan
9.0 3.75 nan
9.25 3.75 nan
9.5 3.75 nan
9.75 3.75 nan
10.0 3.75 nan
10.25 3.75 nan
10.5 3.75 nan
10.75 3.75 nan
11.0 3.75 nan
11.25 3.75 9.01
11.5 3.75 8.31
11.75 3.75 nan
12.0 3.75 7.880000000000001
12.25 3.75 7.859999999999999
12.5 3.75 8.54
12.75 3.75 nan
13.0 3.75 nan
13.25 3.75 nan
13.5 3.75 9.31
13.75 3.75 9.33
14.0 3.75 8.34
14.25 3.75 8.91
14.5 3.75 8.709999999999999
0.0 4.0 nan
0.25 4.0 nan
0.5 4.0 nan
0.75 4.0 nan
1.0 4.0 nan
1.25 4.0 nan
1.5 4.0 nan
1.75 4.0 nan
2.0 4.0 nan
2.25 4.0 nan
2.5 4.0 nan
2.75 4.0 nan
3.0 4.0 nan
3.25 4.0 nan
3.5 4.0 nan
3.75 4.0 nan
4.0 4.0 nan
4.25 4.0 nan
4.5 4.0 nan
4.75 4.0 nan
5.0 4.0 nan
5.25 4.0 nan
5.5 4.0 nan
5.75 4.0 nan
6.0 4.0 nan
6.25 4.0 nan
6.5 4.0 nan
6.75 4.0 nan
7.0 4.0 nan
7.25 4.0 nan
7.5 4.0 nan
7.75 4.0 nan
8.0 4.0 nan
8.25 4.0 nan
8.5 4.0 nan
8.75 4.0 nan
9.0 4.0 nan
9.25 4.0 nan
9.5 4.0 nan
9.75 4.0 nan
10.0 4.0 nan
10.25 4.0 nan
10.5 4.0 nan
10.75 4.0 nan
11.0 4.0 nan
11.25 4.0 nan
11.5 4.0 nan
11.75 4.0 nan
12.0 4.0 nan
12.25 4.0 nan
12.5 4.0 nan
12.75 4.0 nan
13.0 4.0 nan
13.25 4.0 nan
13.5 4.0 nan
13.75 4.0 nan
14.0 4.0 nan
14.25 4.0 nan
14.5 4.0 9.31
