40 0.067
40.05 0.0684
40.1 0.0698
40.15 0.0713
40.2 0.0728
40.25 0.0745
40.3 0.076
40.35 0.0777
40.4 0.0795
40.45 0.0814
40.5 0.0833
40.55 0.0852
40.6 0.0873
40.65 0.0894
40.7 0.0916
40.75 0.0939
40.8 0.0963
40.85 0.0988
40.9 0.1014
40.95 0.1042
41 0.1069
41.05 0.1099
41.1 0.113
41.15 0.1162
41.2 0.1195
41.25 0.123
41.3 0.1266
41.35 0.1306
41.4 0.1346
41.45 0.1389
41.5 0.1432
41.55 0.1479
41.6 0.1528
41.65 0.158
41.7 0.1634
41.75 0.1692
41.8 0.1751
41.85 0.1817
41.9 0.1883
41.95 0.1957
42 0.203
42.05 0.2113
42.1 0.2196
42.15 0.229
42.2 0.2383
42.25 0.2486
42.3 0.2596
42.35 0.2718
42.4 0.284
42.45 0.2975
42.5 0.312
42.55 0.3282
42.6 0.3445
42.65 0.3627
42.7 0.3824
42.75 0.4039
42.8 0.4272
42.85 0.4538
42.9 0.4804
42.95 0.5125
43 0.5445
43.05 0.5818
43.1 0.6231
43.15 0.6722
43.2 0.7213
43.25 0.7864
43.3 0.8514
43.35 0.9506
43.4 1.2157
43.45 1.5432
43.5 1.7266
43.55 1.9183
43.6 2.11
43.65 2.3659
43.7 2.6218
43.75 2.9829
43.8 3.3441
43.85 3.8799
43.9 4.4156
43.95 5.263
44 6.1103
44.05 7.5762
44.1 9.0421
44.15 11.4042
44.2 14.8969
44.25 20.5399
44.3 31.4759
44.35 60.7977
44.4 152.619
44.45 421.535
44.5 985.905
44.55 1702.71
44.6 1912.67
44.65 970.063
44.7 220.789
44.75 66.7244
44.8 34.0333
44.85 21.547
44.9 14.6375
44.95 10.7498
45 8.2508
45.05 6.7878
45.1 5.3247
45.15 4.4222
45.2 3.735
45.25 3.2544
45.3 2.7737
45.35 2.4609
45.4 2.148
45.45 1.9329
45.5 1.7178
45.55 1.5633
45.6 1.409
45.65 1.2937
45.7 1.1785
45.75 1.0653
45.8 0.9521
45.85 0.8563
45.9 0.7606
45.95 0.708
46 0.6555
46.05 0.6138
46.1 0.5721
46.15 0.5381
46.2 0.5041
46.25 0.476
46.3 0.4478
46.35 0.4231
46.4 0.4005
46.45 0.3797
46.5 0.3605
46.55 0.3433
46.6 0.3262
46.65 0.3115
46.7 0.2967
46.75 0.2839
46.8 0.2711
46.85 0.2596
46.9 0.2487
46.95 0.2389
47 0.2291
47.05 0.2204
47.1 0.2117
47.15 0.204
47.2 0.1963
47.25 0.1894
47.3 0.1826
47.35 0.1765
47.4 0.1703
47.45 0.1648
47.5 0.1592
47.55 0.1542
47.6 0.1493
47.65 0.1448
47.7 0.1402
47.75 0.1361
47.8 0.132
47.85 0.1281
47.9 0.1246
47.95 0.1211
48 0.1177
48.05 0.1145
48.1 0.1115
48.15 0.1085
48.2 0.1057
48.25 0.103
48.3 0.1004
48.35 0.098
48.4 0.0955
48.45 0.0933
48.5 0.091
48.55 0.0889
48.6 0.0869
48.65 0.0849
48.7 0.0829
48.75 0.0812
48.8 0.0794
48.85 0.0776
48.9 0.076
48.95 0.0744
49 0.0728
49.05 0.0714
49.1 0.0699
49.15 0.0685
49.2 0.0672
49.25 0.0665
49.3 0.066
49.35 0.0647
49.4 0.0635
49.45 0.0624
49.5 0.0612
49.55 0.0602
49.6 0.0591
49.65 0.0582
49.7 0.0571
49.75 0.0562
49.8 0.0553
49.85 0.0543
49.9 0.0535
49.95 0.0526
50 0.0518
50.05 0.051
50.1 0.0502
50.15 0.0494
50.2 0.0487
50.25 0.048
50.3 0.0473
50.35 0.0466
50.4 0.0459
50.45 0.0453
50.5 0.0447
50.55 0.044
50.6 0.0434
50.65 0.0428
50.7 0.0423
50.75 0.0417
50.8 0.0412
50.85 0.0406
50.9 0.0401
50.95 0.0397
51 0.0391
51.05 0.0387
51.1 0.0381
51.15 0.0377
51.2 0.0372
51.25 0.0368
51.3 0.0363
51.35 0.036
51.4 0.0356
51.45 0.0351
51.5 0.0348
51.55 0.0344
51.6 0.034
51.65 0.0337
51.7 0.0333
51.75 0.033
51.8 0.0326
51.85 0.0323
51.9 0.032
51.95 0.0316
52 0.0313
52.05 0.031
52.1 0.0307
52.15 0.0305
52.2 0.0301
52.25 0.0299
52.3 0.0295
52.35 0.0293
52.4 0.0291
52.45 0.0288
52.5 0.0285
52.55 0.0283
52.6 0.028
52.65 0.0278
52.7 0.0275
52.75 0.0273
52.8 0.0271
52.85 0.0269
52.9 0.0267
52.95 0.0265
53 0.0262
53.05 0.0261
53.1 0.0259
53.15 0.0257
53.2 0.0255
53.25 0.0254
53.3 0.0251
53.35 0.025
53.4 0.0247
53.45 0.0246
53.5 0.0245
53.55 0.0242
53.6 0.0241
53.65 0.024
53.7 0.0238
53.75 0.0236
53.8 0.0235
53.85 0.0233
53.9 0.0232
53.95 0.0231
54 0.0229
54.05 0.0228
54.1 0.0227
54.15 0.0225
54.2 0.0224
54.25 0.0222
54.3 0.0221
54.35 0.0221
54.4 0.0219
54.45 0.0218
54.5 0.0217
54.55 0.0216
54.6 0.0215
54.65 0.0214
54.7 0.0213
54.75 0.0212
54.8 0.0211
54.85 0.021
54.9 0.0209
54.95 0.0208
55 0.0207
55.05 0.0207
55.1 0.0205
55.15 0.0205
55.2 0.0204
55.25 0.0203
55.3 0.0202
55.35 0.0201
55.4 0.0201
55.45 0.02
55.5 0.0199
55.55 0.0199
55.6 0.0198
55.65 0.0197
55.7 0.0197
55.75 0.0196
55.8 0.0196
55.85 0.0195
55.9 0.0194
55.95 0.0194
56 0.0193
56.05 0.0193
56.1 0.0192
56.15 0.0192
56.2 0.0192
56.25 0.0191
56.3 0.0191
56.35 0.019
56.4 0.019
56.45 0.0189
56.5 0.0189
56.55 0.0188
56.6 0.0188
56.65 0.0189
56.7 0.0188
56.75 0.0188
56.8 0.0187
56.85 0.0187
56.9 0.0187
56.95 0.0187
57 0.0186
57.05 0.0186
57.1 0.0186
57.15 0.0186
57.2 0.0185
57.25 0.0186
57.3 0.0185
57.35 0.0186
57.4 0.0185
57.45 0.0186
57.5 0.0185
57.55 0.0186
57.6 0.0185
57.65 0.0186
57.7 0.0185
57.75 0.0186
57.8 0.0185
57.85 0.0185
57.9 0.0186
57.95 0.0185
58 0.0186
58.05 0.0186
58.1 0.0187
58.15 0.0186
58.2 0.0186
58.25 0.0187
58.3 0.0187
58.35 0.0188
58.4 0.0188
58.45 0.0188
58.5 0.0189
58.55 0.0189
58.6 0.0189
58.65 0.019
58.7 0.019
58.75 0.019
58.8 0.0191
58.85 0.0191
58.9 0.0191
58.95 0.0193
59 0.0193
59.05 0.0193
59.1 0.0194
59.15 0.0195
59.2 0.0195
59.25 0.0197
59.3 0.0197
59.35 0.0198
59.4 0.0198
59.45 0.02
59.5 0.02
59.55 0.0201
59.6 0.0202
59.65 0.0203
59.7 0.0204
59.75 0.0205
59.8 0.0206
59.85 0.0207
59.9 0.0208
59.95 0.0137
60 0.0064
60.05 0.0065
60.1 0.0067
60.15 0.0068
60.2 0.0069
60.25 0.0071
60.3 0.0073
60.35 0.0074
60.4 0.0076
60.45 0.0077
60.5 0.0079
60.55 0.0081
60.6 0.0082
60.65 0.0084
60.7 0.0086
60.75 0.0088
60.8 0.009
60.85 0.0093
60.9 0.0095
60.95 0.0097
61 0.01
61.05 0.0102
61.1 0.0105
61.15 0.0108
61.2 0.0111
61.25 0.0114
61.3 0.0117
61.35 0.0121
61.4 0.0124
61.45 0.0128
61.5 0.0132
61.55 0.0136
61.6 0.014
61.65 0.0145
61.7 0.0148
61.75 0.0153
61.8 0.0159
61.85 0.0164
61.9 0.017
61.95 0.0176
62 0.0181
62.05 0.0188
62.1 0.0195
62.15 0.0203
62.2 0.0211
62.25 0.0219
62.3 0.0228
62.35 0.0237
62.4 0.0247
62.45 0.0258
62.5 0.0269
62.55 0.0282
62.6 0.0293
62.65 0.0308
62.7 0.0323
62.75 0.0339
62.8 0.0356
62.85 0.0375
62.9 0.0394
62.95 0.0417
63 0.044
63.05 0.0467
63.1 0.0495
63.15 0.0527
63.2 0.056
63.25 0.06
63.3 0.0641
63.35 0.0691
63.4 0.0743
63.45 0.0815
63.5 0.0888
63.55 0.1068
63.6 0.1248
63.65 0.1633
63.7 0.2017
63.75 0.2305
63.8 0.2591
63.85 0.2894
63.9 0.3195
63.95 0.3604
64 0.4014
64.05 0.4605
64.1 0.5195
64.15 0.6099
64.2 0.7002
64.25 0.8289
64.3 0.9981
64.35 1.273
64.4 1.5479
64.45 2.1683
64.5 2.7888
64.55 5.0259
64.6 7.2629
64.65 15.6811
64.7 34.2297
64.75 71.9352
64.8 120.331
64.85 146.607
64.9 122.092
64.95 68.8922
65 29.0216
65.05 11.5023
65.1 5.4168
65.15 3.753
65.2 2.0892
65.25 1.615
65.3 1.1407
65.35 0.9342
65.4 0.7276
65.45 0.6181
65.5 0.5086
65.55 0.4434
65.6 0.3782
65.65 0.3362
65.7 0.2942
65.75 0.2655
65.8 0.2368
65.85 0.216
65.9 0.1953
65.95 0.1766
66 0.158
66.05 0.1351
66.1 0.1124
66.15 0.1003
66.2 0.0882
66.25 0.0817
66.3 0.0754
66.35 0.0706
66.4 0.0658
66.45 0.0619
66.5 0.0581
66.55 0.0549
66.6 0.0518
66.65 0.0492
66.7 0.0464
66.75 0.0443
66.8 0.042
66.85 0.0401
66.9 0.0382
66.95 0.0366
67 0.0349
67.05 0.0335
67.1 0.0321
67.15 0.0309
67.2 0.0296
67.25 0.0285
67.3 0.0275
67.35 0.0265
67.4 0.0255
67.45 0.0247
67.5 0.0239
67.55 0.0231
67.6 0.0224
67.65 0.0217
67.7 0.021
67.75 0.0204
67.8 0.0199
67.85 0.0193
67.9 0.0188
67.95 0.0183
68 0.0177
68.05 0.0173
68.1 0.0168
68.15 0.0164
68.2 0.0161
68.25 0.0157
68.3 0.0154
68.35 0.015
68.4 0.0147
68.45 0.0144
68.5 0.0141
68.55 0.0137
68.6 0.0135
68.65 0.0132
68.7 0.013
68.75 0.0127
68.8 0.0125
68.85 0.0123
68.9 0.0121
68.95 0.0118
69 0.0116
69.05 0.0115
69.1 0.0113
69.15 0.0111
69.2 0.0109
69.25 0.0108
69.3 0.0106
69.35 0.0105
69.4 0.0104
69.45 0.0102
69.5 0.0101
69.55 0.0099
69.6 0.0098
69.65 0.0096
69.7 0.0096
69.75 0.0094
69.8 0.0093
69.85 0.0092
69.9 0.0092
69.95 0.009
70 0.0089
70.05 0.0089
70.1 0.0087
70.15 0.0086
70.2 0.0086
70.25 0.0085
70.3 0.0084
70.35 0.0083
70.4 0.0083
70.45 0.0082
70.5 0.0081
70.55 0.0081
70.6 0.008
70.65 0.0079
70.7 0.008
70.75 0.0079
70.8 0.0078
70.85 0.0078
70.9 0.0077
70.95 0.0077
71 0.0077
71.05 0.0076
71.1 0.0076
71.15 0.0075
71.2 0.0074
71.25 0.0074
71.3 0.0074
71.35 0.0074
71.4 0.0074
71.45 0.0073
71.5 0.0073
71.55 0.0073
71.6 0.0073
71.65 0.0072
71.7 0.0072
71.75 0.0071
71.8 0.0071
71.85 0.0072
71.9 0.0071
71.95 0.0071
72 0.0071
72.05 0.0071
72.1 0.007
72.15 0.0071
72.2 0.007
72.25 0.0071
72.3 0.007
72.35 0.007
72.4 0.0071
72.45 0.007
72.5 0.007
72.55 0.0071
72.6 0.0071
72.65 0.007
72.7 0.007
72.75 0.007
72.8 0.0071
72.85 0.0071
72.9 0.0071
72.95 0.0071
73 0.0071
73.05 0.0071
73.1 0.0071
73.15 0.0071
73.2 0.0072
73.25 0.0072
73.3 0.0072
73.35 0.0072
73.4 0.0073
73.45 0.0072
73.5 0.0073
73.55 0.0073
73.6 0.0074
73.65 0.0073
73.7 0.0074
73.75 0.0074
73.8 0.0075
73.85 0.0075
73.9 0.0075
73.95 0.0075
74 0.0076
74.05 0.0077
74.1 0.0077
74.15 0.0077
74.2 0.0077
74.25 0.0077
74.3 0.0078
74.35 0.0078
74.4 0.008
74.45 0.008
74.5 0.008
74.55 0.0081
74.6 0.0081
74.65 0.0082
74.7 0.0082
74.75 0.0083
74.8 0.0084
74.85 0.0085
74.9 0.0085
74.95 0.0086
75 0.0086
75.05 0.0087
75.1 0.0088
75.15 0.0088
75.2 0.0089
75.25 0.009
75.3 0.0091
75.35 0.0091
75.4 0.0092
75.45 0.0093
75.5 0.0094
75.55 0.0096
75.6 0.0096
75.65 0.0097
75.7 0.0098
75.75 0.0099
75.8 0.0101
75.85 0.0102
75.9 0.0103
75.95 0.0104
76 0.0105
76.05 0.0106
76.1 0.0107
76.15 0.0108
76.2 0.011
76.25 0.0111
76.3 0.0113
76.35 0.0115
76.4 0.0116
76.45 0.0118
76.5 0.0119
76.55 0.0121
76.6 0.0123
76.65 0.0124
76.7 0.0127
76.75 0.0128
76.8 0.013
76.85 0.0132
76.9 0.0134
76.95 0.0136
77 0.0138
77.05 0.0141
77.1 0.0143
77.15 0.0146
77.2 0.0148
77.25 0.015
77.3 0.0153
77.35 0.0155
77.4 0.0158
77.45 0.0161
77.5 0.0164
77.55 0.0167
77.6 0.0171
77.65 0.0174
77.7 0.0178
77.75 0.0181
77.8 0.0185
77.85 0.0188
77.9 0.0193
77.95 0.0197
78 0.0201
78.05 0.0205
78.1 0.0209
78.15 0.0215
78.2 0.0219
78.25 0.0225
78.3 0.023
78.35 0.0236
78.4 0.0242
78.45 0.0248
78.5 0.0254
78.55 0.0261
78.6 0.0268
78.65 0.0275
78.7 0.0282
78.75 0.0291
78.8 0.0299
78.85 0.0307
78.9 0.0317
78.95 0.0326
79 0.0336
79.05 0.0347
79.1 0.0358
79.15 0.0369
79.2 0.0382
79.25 0.0395
79.3 0.0408
79.35 0.0423
79.4 0.0437
79.45 0.0459
79.5 0.0481
79.55 0.0499
79.6 0.0518
79.65 0.0538
79.7 0.0559
79.75 0.0583
79.8 0.0608
79.85 0.0635
79.9 0.0662
79.95 0.0694
80 0.0725
80.05 0.0761
80.1 0.0797
80.15 0.084
80.2 0.0881
80.25 0.0931
80.3 0.0981
80.35 0.104
80.4 0.1099
80.45 0.1171
80.5 0.1242
80.55 0.1329
80.6 0.1416
80.65 0.1526
80.7 0.1635
80.75 0.1782
80.8 0.193
80.85 0.2231
80.9 0.2533
80.95 0.3375
81 0.4218
81.05 0.4828
81.1 0.544
81.15 0.6061
81.2 0.6683
81.25 0.7532
81.3 0.8381
81.35 0.9612
81.4 1.0843
81.45 1.2737
81.5 1.4631
81.55 1.7775
81.6 2.0918
81.65 2.6756
81.7 3.2593
81.75 4.574
81.8 5.8887
81.85 8.82
81.9 15.3599
81.95 33.8063
82 81.1176
82.05 176.578
82.1 283.636
82.15 301.135
82.2 201.084
82.25 89.182
82.3 32.7469
82.35 13.9792
82.4 7.7091
82.45 5.0046
82.5 3.5533
82.55 2.6687
82.6 2.0853
82.65 1.7341
82.7 1.383
82.75 1.1868
82.8 0.9905
82.85 0.8695
82.9 0.7486
82.95 0.6687
83 0.5888
83.05 0.5331
83.1 0.4774
83.15 0.4359
83.2 0.3944
83.25 0.3488
83.3 0.3032
83.35 0.2584
83.4 0.2137
83.45 0.1956
83.5 0.1774
83.55 0.1652
83.6 0.1529
83.65 0.1433
83.7 0.1336
83.75 0.1258
83.8 0.118
83.85 0.1114
83.9 0.1049
83.95 0.0996
84 0.0941
84.05 0.0895
84.1 0.0849
84.15 0.0809
84.2 0.077
84.25 0.0736
84.3 0.0701
84.35 0.0672
84.4 0.0643
84.45 0.0617
84.5 0.0591
84.55 0.0569
84.6 0.0545
84.65 0.0526
84.7 0.0505
84.75 0.0487
84.8 0.047
84.85 0.0454
84.9 0.0438
84.95 0.0424
85 0.041
85.05 0.0397
85.1 0.0384
85.15 0.0373
85.2 0.036
85.25 0.035
85.3 0.034
85.35 0.033
85.4 0.0321
85.45 0.0312
85.5 0.0304
85.55 0.0296
85.6 0.0287
85.65 0.028
85.7 0.0274
85.75 0.0267
85.8 0.026
85.85 0.0253
85.9 0.0247
85.95 0.0242
86 0.0236
86.05 0.0232
86.1 0.0226
86.15 0.0222
86.2 0.0216
86.25 0.0211
86.3 0.0208
86.35 0.0203
86.4 0.0199
86.45 0.0195
86.5 0.0191
86.55 0.0188
86.6 0.0184
86.65 0.0181
86.7 0.0178
86.75 0.0174
86.8 0.0171
86.85 0.0168
86.9 0.0166
86.95 0.0162
87 0.0159
87.05 0.0158
87.1 0.0155
87.15 0.0153
87.2 0.015
87.25 0.0148
87.3 0.0145
87.35 0.0143
87.4 0.0141
87.45 0.0139
87.5 0.0137
87.55 0.0135
87.6 0.0134
87.65 0.0132
87.7 0.013
87.75 0.0128
87.8 0.0126
87.85 0.0125
87.9 0.0123
87.95 0.0122
88 0.012
88.05 0.0119
88.1 0.0117
88.15 0.0117
88.2 0.0115
88.25 0.0113
88.3 0.0113
88.35 0.0112
88.4 0.0111
88.45 0.0109
88.5 0.0108
88.55 0.0107
88.6 0.0106
88.65 0.0105
88.7 0.0104
88.75 0.0103
88.8 0.0102
88.85 0.0101
88.9 0.01
88.95 0.0099
89 0.0098
89.05 0.0098
89.1 0.0097
89.15 0.0096
89.2 0.0096
89.25 0.0095
89.3 0.0095
89.35 0.0094
89.4 0.0093
89.45 0.0092
89.5 0.0092
89.55 0.0092
89.6 0.0091
89.65 0.009
89.7 0.009
89.75 0.0089
89.8 0.0089
89.85 0.0089
89.9 0.0088
89.95 0.0087
90 0.0087
90.05 0.0087
90.1 0.0087
90.15 0.0086
90.2 0.0086
90.25 0.0085
90.3 0.0085
90.35 0.0085
90.4 0.0084
90.45 0.0084
90.5 0.0084
90.55 0.0084
90.6 0.0084
90.65 0.0083
90.7 0.0084
90.75 0.0083
90.8 0.0084
90.85 0.0083
90.9 0.0083
90.95 0.0083
91 0.0083
91.05 0.0082
91.1 0.0083
91.15 0.0083
91.2 0.0083
91.25 0.0082
91.3 0.0083
91.35 0.0083
91.4 0.0083
91.45 0.0082
91.5 0.0083
91.55 0.0083
91.6 0.0083
91.65 0.0083
91.7 0.0083
91.75 0.0083
91.8 0.0083
91.85 0.0084
91.9 0.0084
91.95 0.0085
92 0.0084
92.05 0.0085
92.1 0.0085
92.15 0.0086
92.2 0.0086
92.25 0.0086
92.3 0.0087
92.35 0.0087
92.4 0.0087
92.45 0.0088
92.5 0.0088
92.55 0.0089
92.6 0.0089
92.65 0.009
92.7 0.0091
92.75 0.0091
92.8 0.0092
92.85 0.0092
92.9 0.0093
92.95 0.0093
93 0.0094
93.05 0.0095
93.1 0.0096
93.15 0.0096
93.2 0.0098
93.25 0.0098
93.3 0.0099
93.35 0.01
93.4 0.0101
93.45 0.0107
93.5 0.0113
93.55 0.0115
93.6 0.0115
93.65 0.0117
93.7 0.0118
93.75 0.0119
93.8 0.012
93.85 0.0122
93.9 0.0123
93.95 0.0125
94 0.0126
94.05 0.0128
94.1 0.013
94.15 0.0132
94.2 0.0133
94.25 0.0135
94.3 0.0137
94.35 0.0139
94.4 0.0142
94.45 0.0144
94.5 0.0145
94.55 0.0148
94.6 0.0151
94.65 0.0153
94.7 0.0155
94.75 0.0159
94.8 0.0162
94.85 0.0164
94.9 0.0168
94.95 0.0171
95 0.0175
95.05 0.0178
95.1 0.0182
95.15 0.0186
95.2 0.019
95.25 0.0194
95.3 0.0199
95.35 0.0204
95.4 0.0209
95.45 0.0214
95.5 0.022
95.55 0.0226
95.6 0.0232
95.65 0.0238
95.7 0.0244
95.75 0.0252
95.8 0.0259
95.85 0.0267
95.9 0.0275
95.95 0.0285
96 0.0293
96.05 0.0304
96.1 0.0314
96.15 0.0326
96.2 0.0337
96.25 0.035
96.3 0.0363
96.35 0.0378
96.4 0.0394
96.45 0.0411
96.5 0.0428
96.55 0.0448
96.6 0.0468
96.65 0.0491
96.7 0.0514
96.75 0.0541
96.8 0.0568
96.85 0.06
96.9 0.0632
96.95 0.0671
97 0.071
97.05 0.0757
97.1 0.0804
97.15 0.0863
97.2 0.0921
97.25 0.0997
97.3 0.1073
97.35 0.1196
97.4 0.1321
97.45 0.1594
97.5 0.1867
97.55 0.2169
97.6 0.247
97.65 0.2762
97.7 0.3053
97.75 0.344
97.8 0.3827
97.85 0.4384
97.9 0.4939
97.95 0.5787
98 0.6637
98.05 0.8032
98.1 0.9426
98.15 1.1991
98.2 1.4555
98.25 2.0258
98.3 2.596
98.35 4.5095
98.4 6.423
98.45 12.6196
98.5 27.4831
98.55 56.9864
98.6 97.4761
98.65 126.062
98.7 118.558
98.75 81.6144
98.8 43.9154
98.85 21.9095
98.9 10.8704
98.95 7.5725
99 4.2747
99.05 3.3044
99.1 2.334
99.15 1.9083
99.2 1.4827
99.25 1.2559
99.3 1.029
99.35 0.8935
99.4 0.7579
99.45 0.6702
99.5 0.5825
99.55 0.5222
99.6 0.4619
99.65 0.4172
99.7 0.3726
99.75 0.328
99.8 0.2833
99.85 0.2287
99.9 0.1743
99.95 0.1488
100 0.1233
100.05 0.1129
100.1 0.1027
100.15 0.0952
100.2 0.0887
100.25 0.0832
100.3 0.0778
100.35 0.0734
100.4 0.0691
100.45 0.0655
100.5 0.0619
100.55 0.0589
100.6 0.0557
100.65 0.0532
100.7 0.0506
100.75 0.0485
100.8 0.0463
100.85 0.0444
100.9 0.0425
100.95 0.0408
101 0.0392
101.05 0.0378
101.1 0.0364
101.15 0.0351
101.2 0.0339
101.25 0.0327
101.3 0.0316
101.35 0.0306
101.4 0.0297
101.45 0.0288
101.5 0.0279
101.55 0.0271
101.6 0.0263
101.65 0.0256
101.7 0.0249
101.75 0.0242
101.8 0.0236
101.85 0.023
101.9 0.0223
101.95 0.0207
102 0.019
102.05 0.0185
102.1 0.018
102.15 0.0176
102.2 0.0172
102.25 0.0168
102.3 0.0164
102.35 0.016
102.4 0.0156
102.45 0.0153
102.5 0.0149
102.55 0.0147
102.6 0.0143
102.65 0.0141
102.7 0.0138
102.75 0.0135
102.8 0.0132
102.85 0.013
102.9 0.0127
102.95 0.0125
103 0.0123
103.05 0.0121
103.1 0.0118
103.15 0.0116
103.2 0.0114
103.25 0.0113
103.3 0.0111
103.35 0.0109
103.4 0.0107
103.45 0.0106
103.5 0.0105
103.55 0.0103
103.6 0.0102
103.65 0.01
103.7 0.0099
103.75 0.0097
103.8 0.0096
103.85 0.0095
103.9 0.0093
103.95 0.0092
104 0.0091
104.05 0.009
104.1 0.009
104.15 0.0089
104.2 0.0087
104.25 0.0086
104.3 0.0086
104.35 0.0085
104.4 0.0084
104.45 0.0083
104.5 0.0082
104.55 0.0081
104.6 0.0081
104.65 0.0079
104.7 0.0079
104.75 0.0079
104.8 0.0078
104.85 0.0077
104.9 0.0077
104.95 0.0076
105 0.0076
105.05 0.0075
105.1 0.0075
105.15 0.0074
105.2 0.0074
105.25 0.0073
105.3 0.0072
105.35 0.0072
105.4 0.0071
105.45 0.0072
105.5 0.0071
105.55 0.007
105.6 0.007
105.65 0.007
105.7 0.0069
105.75 0.0069
105.8 0.0069
105.85 0.0069
105.9 0.0068
105.95 0.0068
106 0.0068
106.05 0.0068
106.1 0.0067
106.15 0.0067
106.2 0.0067
106.25 0.0067
106.3 0.0067
106.35 0.0067
106.4 0.0066
106.45 0.0067
106.5 0.0067
106.55 0.0067
106.6 0.0066
106.65 0.0067
106.7 0.0066
106.75 0.0067
106.8 0.0066
106.85 0.0067
106.9 0.0066
106.95 0.0067
107 0.0066
107.05 0.0067
107.1 0.0067
107.15 0.0066
107.2 0.0067
107.25 0.0067
107.3 0.0066
107.35 0.0067
107.4 0.0067
107.45 0.0068
107.5 0.0068
107.55 0.0067
107.6 0.0068
107.65 0.0068
107.7 0.0068
107.75 0.0068
107.8 0.0068
107.85 0.0069
107.9 0.0069
107.95 0.0069
108 0.007
108.05 0.007
108.1 0.007
108.15 0.0071
108.2 0.0071
108.25 0.0071
108.3 0.0071
108.35 0.0072
108.4 0.0072
108.45 0.0073
108.5 0.0073
108.55 0.0074
108.6 0.0074
108.65 0.0075
108.7 0.0075
108.75 0.0075
108.8 0.0077
108.85 0.0077
108.9 0.0077
108.95 0.0078
109 0.0078
109.05 0.008
109.1 0.008
109.15 0.0081
109.2 0.0081
109.25 0.0082
109.3 0.0083
109.35 0.0084
109.4 0.0084
109.45 0.0086
109.5 0.0087
109.55 0.0087
109.6 0.0088
109.65 0.0089
109.7 0.009
109.75 0.0091
109.8 0.0092
109.85 0.0093
109.9 0.0094
109.95 0.0095
110 0.0096
110.05 0.0097
110.1 0.0098
110.15 0.01
110.2 0.0101
110.25 0.0103
110.3 0.0104
110.35 0.0106
110.4 0.0107
110.45 0.0108
110.5 0.011
110.55 0.0111
110.6 0.0113
110.65 0.0115
110.7 0.0117
110.75 0.0119
110.8 0.012
110.85 0.0123
110.9 0.0124
110.95 0.0126
111 0.0128
111.05 0.0131
111.1 0.0134
111.15 0.0136
111.2 0.0138
111.25 0.014
111.3 0.0143
111.35 0.0146
111.4 0.0148
111.45 0.0152
111.5 0.0154
111.55 0.0158
111.6 0.0161
111.65 0.0165
111.7 0.0168
111.75 0.0171
111.8 0.0176
111.85 0.0179
111.9 0.0183
111.95 0.0188
112 0.0193
112.05 0.0196
112.1 0.0201
112.15 0.0207
112.2 0.0212
112.25 0.0218
112.3 0.0223
112.35 0.0229
112.4 0.0235
112.45 0.0242
112.5 0.0249
112.55 0.0255
112.6 0.0263
112.65 0.0271
112.7 0.0279
112.75 0.0288
112.8 0.0297
112.85 0.0306
112.9 0.0316
112.95 0.0327
113 0.0338
113.05 0.035
113.1 0.0362
113.15 0.0375
113.2 0.0388
113.25 0.0404
113.3 0.0418
113.35 0.0436
113.4 0.0453
113.45 0.0472
113.5 0.0492
113.55 0.0513
113.6 0.0535
113.65 0.056
113.7 0.0585
113.75 0.0615
113.8 0.0643
113.85 0.0677
113.9 0.0711
113.95 0.075
114 0.0789
114.05 0.0835
114.1 0.0882
114.15 0.0938
114.2 0.0993
114.25 0.1061
114.3 0.1129
114.35 0.1214
114.4 0.1297
114.45 0.1406
114.5 0.1515
114.55 0.1671
114.6 0.1827
114.65 0.2073
114.7 0.2321
114.75 0.2699
114.8 0.3077
114.85 0.356
114.9 0.4042
114.95 0.4612
115 0.5181
115.05 0.592
115.1 0.6659
115.15 0.7737
115.2 0.8814
115.25 1.0537
115.3 1.2258
115.35 1.532
115.4 1.8382
115.45 2.4761
115.5 3.1141
115.55 4.7548
115.6 6.3954
115.65 9.9465
115.7 16.0323
115.75 26.2102
115.8 40.5954
115.85 59.4197
115.9 79.284
115.95 94.7315
116 100.581
116.05 94.4353
116.1 78.7347
116.15 58.8962
116.2 40.2463
116.25 26.0635
116.3 16.0442
116.35 10.0424
116.4 6.5207
116.45 4.8736
116.5 3.2265
116.55 2.5742
116.6 1.9221
116.65 1.6054
116.7 1.2886
116.75 1.1092
116.8 0.9299
116.85 0.8169
116.9 0.7039
116.95 0.6255
117 0.547
117.05 0.4854
117.1 0.4237
117.15 0.3718
117.2 0.3197
117.25 0.2804
117.3 0.241
117.35 0.2158
117.4 0.1906
117.45 0.1747
117.5 0.1587
117.55 0.1475
117.6 0.1361
117.65 0.1274
117.7 0.1187
117.75 0.1117
117.8 0.1047
117.85 0.0989
117.9 0.0931
117.95 0.0884
118 0.0835
118.05 0.0794
118.1 0.0753
118.15 0.0718
118.2 0.0683
118.25 0.0653
118.3 0.0623
118.35 0.0596
118.4 0.057
118.45 0.0547
118.5 0.0525
118.55 0.0504
118.6 0.0485
118.65 0.0466
118.7 0.0448
118.75 0.0433
118.8 0.0417
118.85 0.0403
118.9 0.0389
118.95 0.0376
119 0.0364
119.05 0.0351
119.1 0.034
119.15 0.033
119.2 0.0319
119.25 0.0311
119.3 0.0301
119.35 0.0293
119.4 0.0284
119.45 0.0276
119.5 0.0268
119.55 0.0261
119.6 0.0254
119.65 0.0247
119.7 0.0241
119.75 0.0235
119.8 0.0229
119.85 0.0224
119.9 0.0218
119.95 0.0213
120 0.0207
120.05 0.0203
120.1 0.0198
120.15 0.0194
120.2 0.0189
120.25 0.0186
120.3 0.0182
120.35 0.0178
120.4 0.0174
120.45 0.017
120.5 0.0167
120.55 0.0164
120.6 0.0161
120.65 0.0158
120.7 0.0155
120.75 0.0151
120.8 0.0148
120.85 0.0145
120.9 0.0143
120.95 0.0141
121 0.0138
121.05 0.0135
121.1 0.0133
121.15 0.0131
121.2 0.0128
121.25 0.0127
121.3 0.0124
121.35 0.0122
121.4 0.0121
121.45 0.0118
121.5 0.0117
121.55 0.0115
121.6 0.0112
121.65 0.0111
121.7 0.0109
121.75 0.0108
121.8 0.0106
121.85 0.0105
121.9 0.0103
121.95 0.0101
122 0.0101
122.05 0.0099
122.1 0.0097
122.15 0.0096
122.2 0.0095
122.25 0.0093
122.3 0.0093
122.35 0.0091
122.4 0.009
122.45 0.0089
122.5 0.0088
122.55 0.0086
122.6 0.0086
122.65 0.0084
122.7 0.0083
122.75 0.0083
122.8 0.0081
122.85 0.0076
122.9 0.007
122.95 0.0068
123 0.0068
123.05 0.0067
123.1 0.0066
123.15 0.0065
123.2 0.0065
123.25 0.0063
123.3 0.0063
123.35 0.0062
123.4 0.0061
123.45 0.006
123.5 0.006
123.55 0.0059
123.6 0.0058
123.65 0.0058
123.7 0.0057
123.75 0.0057
123.8 0.0055
123.85 0.0055
123.9 0.0054
123.95 0.0054
124 0.0053
124.05 0.0053
124.1 0.0052
124.15 0.0052
124.2 0.0051
124.25 0.005
124.3 0.005
124.35 0.0049
124.4 0.0049
124.45 0.0048
124.5 0.0048
124.55 0.0048
124.6 0.0047
124.65 0.0047
124.7 0.0046
124.75 0.0046
124.8 0.0045
124.85 0.0044
124.9 0.0044
124.95 0.0044
125 0.0044
125.05 0.0042
125.1 0.0042
125.15 0.0043
125.2 0.0042
125.25 0.0041
125.3 0.0041
125.35 0.004
125.4 0.004
125.45 0.004
125.5 0.004
125.55 0.0039
125.6 0.0039
125.65 0.0039
125.7 0.0038
125.75 0.0037
125.8 0.0037
125.85 0.0037
125.9 0.0036
125.95 0.0037
126 0.0036
126.05 0.0036
126.1 0.0036
126.15 0.0035
126.2 0.0035
126.25 0.0034
126.3 0.0034
126.35 0.0034
126.4 0.0034
126.45 0.0034
126.5 0.0033
126.55 0.0033
126.6 0.0033
126.65 0.0032
126.7 0.0033
126.75 0.0032
126.8 0.0032
126.85 0.0032
126.9 0.0032
126.95 0.0032
127 0.0031
127.05 0.0031
127.1 0.003
127.15 0.0031
127.2 0.003
127.25 0.003
127.3 0.0029
127.35 0.0029
127.4 0.0029
127.45 0.0029
127.5 0.0029
127.55 0.0029
127.6 0.0028
127.65 0.0028
127.7 0.0028
127.75 0.0028
127.8 0.0028
127.85 0.0027
127.9 0.0027
127.95 0.0027
128 0.0027
128.05 0.0026
128.1 0.0027
128.15 0.0027
128.2 0.0027
128.25 0.0026
128.3 0.0026
128.35 0.0026
128.4 0.0025
128.45 0.0025
128.5 0.0026
128.55 0.0025
128.6 0.0025
128.65 0.0025
128.7 0.0025
128.75 0.0024
128.8 0.0025
128.85 0.0024
128.9 0.0024
128.95 0.0024
129 0.0024
129.05 0.0023
129.1 0.0024
129.15 0.0023
129.2 0.0023
129.25 0.0023
129.3 0.0023
129.35 0.0023
129.4 0.0022
129.45 0.0023
129.5 0.0022
129.55 0.0022
129.6 0.0022
129.65 0.0022
129.7 0.0023
129.75 0.0022
129.8 0.0022
129.85 0.0021
129.9 0.0021
129.95 0.007
130 0.0119
