40 0.0584
40.05 0.0635
40.1 0.0686
40.15 0.0692
40.2 0.0697
40.25 0.0679
40.3 0.0662
40.35 0.0705
40.4 0.075
40.45 0.0791
40.5 0.0833
40.55 0.0815
40.6 0.0796
40.65 0.0813
40.7 0.083
40.75 0.0897
40.8 0.0964
40.85 0.0975
40.9 0.0986
40.95 0.0978
41 0.0969
41.05 0.1033
41.1 0.1098
41.15 0.1157
41.2 0.1216
41.25 0.1207
41.3 0.1199
41.35 0.1237
41.4 0.1276
41.45 0.1374
41.5 0.1471
41.55 0.1504
41.6 0.1536
41.65 0.155
41.7 0.1564
41.75 0.1671
41.8 0.1778
41.85 0.1879
41.9 0.1981
41.95 0.2009
42 0.2035
42.05 0.2127
42.1 0.2218
42.15 0.239
42.2 0.2563
42.25 0.2666
42.3 0.277
42.35 0.2861
42.4 0.2952
42.45 0.3175
42.5 0.3397
42.55 0.3641
42.6 0.3887
42.65 0.4062
42.7 0.4238
42.75 0.4524
42.8 0.481
42.85 0.526
42.9 0.5709
42.95 0.6156
43 0.6604
43.05 0.7158
43.1 0.7714
43.15 0.9372
43.2 1.103
43.25 1.4394
43.3 1.7758
43.35 1.9659
43.4 2.1726
43.45 2.4426
43.5 2.7126
43.55 3.0755
43.6 3.5148
43.65 4.1038
43.7 4.6928
43.75 5.5083
43.8 6.5694
43.85 7.9931
43.9 9.96
43.95 12.8521
44 17.0161
44.05 24.2437
44.1 36.908
44.15 68.3141
44.2 159.738
44.25 431.861
44.3 1051.62
44.35 1951.17
44.4 2478.55
44.45 1506.39
44.5 369.524
44.55 111.947
44.6 52.793
44.65 30.4572
44.7 19.6664
44.75 13.6916
44.8 10.0584
44.85 7.691
44.9 6.0688
44.95 5.073
45 4.0773
45.05 3.5156
45.1 2.9541
45.15 2.5903
45.2 2.2267
45.25 1.9807
45.3 1.7346
45.35 1.5761
45.4 1.4176
45.45 1.3005
45.5 1.1834
45.55 1.0613
45.6 0.9392
45.65 0.8239
45.7 0.7087
45.75 0.6603
45.8 0.6195
45.85 0.5769
45.9 0.5343
45.95 0.4938
46 0.4532
46.05 0.4301
46.1 0.407
46.15 0.39
46.2 0.3729
46.25 0.3483
46.3 0.3237
46.35 0.3045
46.4 0.2853
46.45 0.2779
46.5 0.2705
46.55 0.2592
46.6 0.2479
46.65 0.2313
46.7 0.2148
46.75 0.2074
46.8 0.2001
46.85 0.1974
46.9 0.1946
46.95 0.184
47 0.1735
47.05 0.1636
47.1 0.1537
47.15 0.1528
47.2 0.1518
47.25 0.1486
47.3 0.1453
47.35 0.1358
47.4 0.1263
47.45 0.1224
47.5 0.1185
47.55 0.1195
47.6 0.1206
47.65 0.1153
47.7 0.1101
47.75 0.1033
47.8 0.0964
47.85 0.0968
47.9 0.0972
47.95 0.0971
48 0.097
48.05 0.0907
48.1 0.0844
48.15 0.0813
48.2 0.0783
48.25 0.0804
48.3 0.0825
48.35 0.08
48.4 0.0775
48.45 0.0721
48.5 0.0667
48.55 0.0671
48.6 0.0675
48.65 0.0688
48.7 0.0702
48.75 0.0659
48.8 0.0616
48.85 0.0586
48.9 0.0556
48.95 0.0579
49 0.0601
49.05 0.0601
49.1 0.06
49.15 0.0552
49.2 0.0504
49.25 0.0502
49.3 0.05
49.35 0.0524
49.4 0.0548
49.45 0.052
49.5 0.0491
49.55 0.0458
49.6 0.0424
49.65 0.0445
49.7 0.0465
49.75 0.0473
49.8 0.048
49.85 0.044
49.9 0.0401
49.95 0.0391
50 0.0382
50.05 0.0408
50.1 0.0436
50.15 0.0421
50.2 0.0407
50.25 0.0371
50.3 0.0337
50.35 0.0351
50.4 0.0363
50.45 0.038
50.5 0.0398
50.55 0.0367
50.6 0.0336
50.65 0.0319
50.7 0.0302
50.75 0.0327
50.8 0.0352
50.85 0.0351
50.9 0.0349
50.95 0.0315
51 0.0282
51.05 0.0286
51.1 0.029
51.15 0.0312
51.2 0.0336
51.25 0.0316
51.3 0.0296
51.35 0.0272
51.4 0.0248
51.45 0.0269
51.5 0.0289
51.55 0.0298
51.6 0.0307
51.65 0.0278
51.7 0.0248
51.75 0.0242
51.8 0.0236
51.85 0.0261
51.9 0.0286
51.95 0.0277
52 0.0269
52.05 0.0242
52.1 0.0214
52.15 0.0226
52.2 0.0237
52.25 0.0256
52.3 0.0273
52.35 0.0251
52.4 0.0229
52.45 0.0214
52.5 0.0198
52.55 0.0221
52.6 0.0242
52.65 0.0246
52.7 0.0249
52.75 0.0223
52.8 0.0195
52.85 0.0196
52.9 0.0197
52.95 0.022
53 0.0242
53.05 0.0231
53.1 0.0218
53.15 0.0197
53.2 0.0174
53.25 0.0189
53.3 0.0204
53.35 0.0219
53.4 0.0232
53.45 0.021
53.5 0.0187
53.55 0.0177
53.6 0.0167
53.65 0.0189
53.7 0.0212
53.75 0.0212
53.8 0.0213
53.85 0.0188
53.9 0.0162
53.95 0.0168
54 0.0172
54.05 0.0192
54.1 0.0214
54.15 0.02
54.2 0.0187
54.25 0.0168
54.3 0.0149
54.35 0.0166
54.4 0.0182
54.45 0.0194
54.5 0.0205
54.55 0.0184
54.6 0.0162
54.65 0.0155
54.7 0.0148
54.75 0.0169
54.8 0.0191
54.85 0.0191
54.9 0.019
54.95 0.0167
55 0.0143
55.05 0.0148
55.1 0.0154
55.15 0.0174
55.2 0.0195
55.25 0.0182
55.3 0.0168
55.35 0.0151
55.4 0.0134
55.45 0.015
55.5 0.0166
55.55 0.0178
55.6 0.019
55.65 0.0169
55.7 0.0149
55.75 0.0141
55.8 0.0134
55.85 0.0156
55.9 0.0177
55.95 0.0177
56 0.0177
56.05 0.0155
56.1 0.0133
56.15 0.0138
56.2 0.0143
56.25 0.0163
56.3 0.0183
56.35 0.0172
56.4 0.0161
56.45 0.0143
56.5 0.0125
56.55 0.0141
56.6 0.0155
56.65 0.0169
56.7 0.0182
56.75 0.0163
56.8 0.0144
56.85 0.0135
56.9 0.0126
56.95 0.0147
57 0.0167
57.05 0.0171
57.1 0.0175
57.15 0.0153
57.2 0.0131
57.25 0.0132
57.3 0.0134
57.35 0.0156
57.4 0.0177
57.45 0.017
57.5 0.0162
57.55 0.0143
57.6 0.0123
57.65 0.0136
57.7 0.0148
57.75 0.0164
57.8 0.018
57.85 0.0165
57.9 0.0149
57.95 0.0136
58 0.0124
58.05 0.0143
58.1 0.0162
58.15 0.0171
58.2 0.0179
58.25 0.016
58.3 0.0137
58.35 0.0134
58.4 0.0131
58.45 0.0153
58.5 0.0175
58.55 0.0174
58.6 0.0173
58.65 0.0152
58.7 0.013
58.75 0.0137
58.8 0.0144
58.85 0.0165
58.9 0.0185
58.95 0.0175
59 0.0164
59.05 0.0147
59.1 0.013
59.15 0.0145
59.2 0.0161
59.25 0.0176
59.3 0.0192
59.35 0.0174
59.4 0.0156
59.45 0.0146
59.5 0.0136
59.55 0.0158
59.6 0.018
59.65 0.0117
59.7 0.0054
59.75 0.005
59.8 0.0045
59.85 0.0043
59.9 0.0041
59.95 0.0049
60 0.0057
60.05 0.0059
60.1 0.0062
60.15 0.0056
60.2 0.0049
60.25 0.0052
60.3 0.0053
60.35 0.0062
60.4 0.0069
60.45 0.007
60.5 0.007
60.55 0.0064
60.6 0.0059
60.65 0.0063
60.7 0.0068
60.75 0.0078
60.8 0.0087
60.85 0.0085
60.9 0.0082
60.95 0.0078
61 0.0074
61.05 0.0081
61.1 0.009
61.15 0.0099
61.2 0.0107
61.25 0.0103
61.3 0.0099
61.35 0.0098
61.4 0.0096
61.45 0.0108
61.5 0.0119
61.55 0.0128
61.6 0.0135
61.65 0.0131
61.7 0.0126
61.75 0.0129
61.8 0.0132
61.85 0.0147
61.9 0.0163
61.95 0.017
62 0.0178
62.05 0.0175
62.1 0.0171
62.15 0.018
62.2 0.0188
62.25 0.0209
62.3 0.0231
62.35 0.0239
62.4 0.0248
62.45 0.0249
62.5 0.025
62.55 0.0268
62.6 0.0287
62.65 0.0317
62.7 0.0347
62.75 0.0362
62.8 0.0377
62.85 0.0391
62.9 0.0404
62.95 0.0442
63 0.048
63.05 0.0532
63.1 0.0582
63.15 0.0623
63.2 0.0665
63.25 0.0723
63.3 0.0781
63.35 0.0914
63.4 0.1048
63.45 0.1388
63.5 0.1728
63.55 0.2074
63.6 0.2419
63.65 0.2728
63.7 0.3038
63.75 0.3478
63.8 0.3918
63.85 0.4549
63.9 0.518
63.95 0.6127
64 0.7073
64.05 0.8678
64.1 1.0282
64.15 1.3316
64.2 1.635
64.25 2.2873
64.3 2.9396
64.35 4.685
64.4 6.4302
64.45 10.6773
64.5 19.6362
64.55 38.9862
64.6 75.1008
64.65 121.061
64.7 143.712
64.75 113.496
64.8 61.33
64.85 28.3887
64.9 13.9948
64.95 7.76
65 4.7404
65.05 3.4557
65.1 2.1708
65.15 1.6834
65.2 1.196
65.25 0.9706
65.3 0.7452
65.35 0.6276
65.4 0.5101
65.45 0.442
65.5 0.3739
65.55 0.3289
65.6 0.2837
65.65 0.2526
65.7 0.2213
65.75 0.2001
65.8 0.1788
65.85 0.1567
65.9 0.1346
65.95 0.1151
66 0.0957
66.05 0.0855
66.1 0.0753
66.15 0.07
66.2 0.0649
66.25 0.0615
66.3 0.0582
66.35 0.0538
66.4 0.0493
66.45 0.0453
66.5 0.0413
66.55 0.0396
66.6 0.038
66.65 0.037
66.7 0.0361
66.75 0.0336
66.8 0.0312
66.85 0.0288
66.9 0.0263
66.95 0.0259
67 0.0253
67.05 0.0253
67.1 0.0251
67.15 0.0234
67.2 0.0218
67.25 0.02
67.3 0.0183
67.35 0.0184
67.4 0.0184
67.45 0.0186
67.5 0.0188
67.55 0.0175
67.6 0.0162
67.65 0.0146
67.7 0.0137
67.75 0.0139
67.8 0.0142
67.85 0.0146
67.9 0.0149
67.95 0.0138
68 0.0127
68.05 0.0116
68.1 0.0106
68.15 0.0111
68.2 0.0115
68.25 0.0119
68.3 0.0122
68.35 0.0113
68.4 0.0103
68.45 0.0095
68.5 0.0086
68.55 0.0092
68.6 0.0097
68.65 0.0101
68.7 0.0104
68.75 0.0096
68.8 0.0086
68.85 0.008
68.9 0.0071
68.95 0.0078
69 0.0084
69.05 0.0088
69.1 0.0092
69.15 0.0084
69.2 0.0074
69.25 0.0069
69.3 0.0062
69.35 0.0068
69.4 0.0074
69.45 0.0078
69.5 0.0082
69.55 0.0074
69.6 0.0066
69.65 0.0061
69.7 0.0054
69.75 0.0061
69.8 0.0067
69.85 0.0072
69.9 0.0075
69.95 0.0068
70 0.0059
70.05 0.0054
70.1 0.0049
70.15 0.0055
70.2 0.0062
70.25 0.0066
70.3 0.0071
70.35 0.0063
70.4 0.0055
70.45 0.005
70.5 0.0045
70.55 0.0051
70.6 0.0058
70.65 0.0062
70.7 0.0066
70.75 0.0059
70.8 0.0052
70.85 0.0047
70.9 0.0041
70.95 0.0049
71 0.0055
71.05 0.0059
71.1 0.0064
71.15 0.0056
71.2 0.005
71.25 0.0045
71.3 0.0039
71.35 0.0046
71.4 0.0052
71.45 0.0057
71.5 0.0062
71.55 0.0055
71.6 0.0048
71.65 0.0043
71.7 0.0038
71.75 0.0044
71.8 0.005
71.85 0.0056
71.9 0.006
71.95 0.0055
72 0.0048
72.05 0.0043
72.1 0.0037
72.15 0.0043
72.2 0.0049
72.25 0.0055
72.3 0.006
72.35 0.0054
72.4 0.0049
72.45 0.0042
72.5 0.0037
72.55 0.0042
72.6 0.0049
72.65 0.0054
72.7 0.006
72.75 0.0055
72.8 0.0049
72.85 0.0043
72.9 0.0037
72.95 0.0043
73 0.0048
73.05 0.0055
73.1 0.0061
73.15 0.0056
73.2 0.0051
73.25 0.0045
73.3 0.0038
73.35 0.0043
73.4 0.0048
73.45 0.0055
73.5 0.0062
73.55 0.0058
73.6 0.0054
73.65 0.0047
73.7 0.0039
73.75 0.0044
73.8 0.0048
73.85 0.0056
73.9 0.0063
73.95 0.006
74 0.0057
74.05 0.005
74.1 0.0042
74.15 0.0045
74.2 0.0049
74.25 0.0057
74.3 0.0066
74.35 0.0067
74.4 0.0062
74.45 0.0053
74.5 0.0045
74.55 0.0048
74.6 0.0049
74.65 0.0059
74.7 0.0068
74.75 0.0068
74.8 0.0067
74.85 0.0059
74.9 0.005
74.95 0.0051
75 0.0051
75.05 0.0061
75.1 0.0071
75.15 0.0072
75.2 0.0074
75.25 0.0065
75.3 0.0056
75.35 0.0055
75.4 0.0054
75.45 0.0064
75.5 0.0074
75.55 0.0077
75.6 0.0081
75.65 0.0072
75.7 0.0064
75.75 0.0061
75.8 0.0059
75.85 0.0068
75.9 0.0078
75.95 0.0084
76 0.0089
76.05 0.0082
76.1 0.0074
76.15 0.0069
76.2 0.0065
76.25 0.0074
76.3 0.0084
76.35 0.0091
76.4 0.0099
76.45 0.0093
76.5 0.0086
76.55 0.008
76.6 0.0074
76.65 0.0082
76.7 0.0089
76.75 0.01
76.8 0.0111
76.85 0.0107
76.9 0.0102
76.95 0.0094
77 0.0086
77.05 0.0092
77.1 0.0099
77.15 0.0112
77.2 0.0124
77.25 0.0124
77.3 0.0122
77.35 0.0113
77.4 0.0104
77.45 0.0108
77.5 0.0112
77.55 0.0127
77.6 0.0141
77.65 0.0144
77.7 0.0147
77.75 0.0138
77.8 0.0128
77.85 0.013
77.9 0.0131
77.95 0.0147
78 0.0164
78.05 0.0171
78.1 0.0179
78.15 0.0172
78.2 0.0163
78.25 0.0162
78.3 0.016
78.35 0.0177
78.4 0.0193
78.45 0.0208
78.5 0.0221
78.55 0.0216
78.6 0.0212
78.65 0.0209
78.7 0.0204
78.75 0.0221
78.8 0.0237
78.85 0.0259
78.9 0.0279
78.95 0.0281
79 0.0283
79.05 0.0279
79.1 0.0274
79.15 0.029
79.2 0.0306
79.25 0.0336
79.3 0.0364
79.35 0.0382
79.4 0.0399
79.45 0.0396
79.5 0.0393
79.55 0.0412
79.6 0.043
79.65 0.0471
79.7 0.0514
79.75 0.0544
79.8 0.0575
79.85 0.0585
79.9 0.0594
79.95 0.062
80 0.0644
80.05 0.0704
80.1 0.0765
80.15 0.083
80.2 0.0895
80.25 0.094
80.3 0.0986
80.35 0.1043
80.4 0.1099
80.45 0.1209
80.5 0.1319
80.55 0.1476
80.6 0.1633
80.65 0.1837
80.7 0.204
80.75 0.2541
80.8 0.3041
80.85 0.3814
80.9 0.4587
80.95 0.5241
81 0.5896
81.05 0.6715
81.1 0.7534
81.15 0.869
81.2 0.9845
81.25 1.1673
81.3 1.35
81.35 1.6642
81.4 1.9783
81.45 2.5663
81.5 3.1543
81.55 4.4196
81.6 5.685
81.65 9.0851
81.7 12.4851
81.75 20.8343
81.8 38.8846
81.85 79.2565
81.9 155.011
81.95 243.227
82 265.286
82.05 187.545
82.1 94.3745
82.15 43.9367
82.2 21.9699
82.25 12.8469
82.3 7.9367
82.35 5.3536
82.4 3.8071
82.45 2.9858
82.5 2.1646
82.55 1.7705
82.6 1.3765
82.65 1.1641
82.7 0.9518
82.75 0.8278
82.8 0.7038
82.85 0.6234
82.9 0.543
82.95 0.4848
83 0.4266
83.05 0.3809
83.1 0.3351
83.15 0.2858
83.2 0.2364
83.25 0.2094
83.3 0.1825
83.35 0.1659
83.4 0.1494
83.45 0.136
83.5 0.1227
83.55 0.1141
83.6 0.1055
83.65 0.1005
83.7 0.0956
83.75 0.0905
83.8 0.0854
83.85 0.079
83.9 0.0728
83.95 0.0679
84 0.0629
84.05 0.0609
84.1 0.0589
84.15 0.0573
84.2 0.0558
84.25 0.0527
84.3 0.0495
84.35 0.0459
84.4 0.0423
84.45 0.0409
84.5 0.0394
84.55 0.0392
84.6 0.0389
84.65 0.0377
84.7 0.0365
84.75 0.0339
84.8 0.0314
84.85 0.0297
84.9 0.0281
84.95 0.0282
85 0.0282
85.05 0.0281
85.1 0.0281
85.15 0.0265
85.2 0.025
85.25 0.0232
85.3 0.0216
85.35 0.0213
85.4 0.021
85.45 0.0215
85.5 0.0219
85.55 0.0214
85.6 0.0207
85.65 0.0192
85.7 0.0177
85.75 0.0171
85.8 0.0163
85.85 0.0168
85.9 0.0172
85.95 0.0173
86 0.0175
86.05 0.0164
86.1 0.0154
86.15 0.0144
86.2 0.0134
86.25 0.0135
86.3 0.0135
86.35 0.014
86.4 0.0146
86.45 0.0141
86.5 0.0138
86.55 0.0128
86.6 0.0118
86.65 0.0114
86.7 0.011
86.75 0.0115
86.8 0.012
86.85 0.0121
86.9 0.0123
86.95 0.0116
87 0.0109
87.05 0.0102
87.1 0.0095
87.15 0.0097
87.2 0.0098
87.25 0.0103
87.3 0.0107
87.35 0.0104
87.4 0.0103
87.45 0.0095
87.5 0.0088
87.55 0.0085
87.6 0.0083
87.65 0.0087
87.7 0.0092
87.75 0.0093
87.8 0.0095
87.85 0.009
87.9 0.0085
87.95 0.0079
88 0.0075
88.05 0.0076
88.1 0.0077
88.15 0.0081
88.2 0.0085
88.25 0.0083
88.3 0.0082
88.35 0.0077
88.4 0.0072
88.45 0.007
88.5 0.0068
88.55 0.0071
88.6 0.0074
88.65 0.0076
88.7 0.0079
88.75 0.0075
88.8 0.0072
88.85 0.0067
88.9 0.0064
88.95 0.0064
89 0.0066
89.05 0.0068
89.1 0.0072
89.15 0.0072
89.2 0.0072
89.25 0.0068
89.3 0.0064
89.35 0.0062
89.4 0.006
89.45 0.0062
89.5 0.0065
89.55 0.0067
89.6 0.0069
89.65 0.0067
89.7 0.0065
89.75 0.0062
89.8 0.0059
89.85 0.0059
89.9 0.006
89.95 0.0062
90 0.0065
90.05 0.0065
90.1 0.0065
90.15 0.0063
90.2 0.006
90.25 0.0059
90.3 0.0057
90.35 0.0059
90.4 0.006
90.45 0.0062
90.5 0.0064
90.55 0.0063
90.6 0.0062
90.65 0.006
90.7 0.0058
90.75 0.0058
90.8 0.0058
90.85 0.0059
90.9 0.0062
90.95 0.0062
91 0.0063
91.05 0.0062
91.1 0.0061
91.15 0.0059
91.2 0.0058
91.25 0.0059
91.3 0.006
91.35 0.0061
91.4 0.0064
91.45 0.0064
91.5 0.0063
91.55 0.0063
91.6 0.0061
91.65 0.0062
91.7 0.0061
91.75 0.0062
91.8 0.0063
91.85 0.0065
91.9 0.0065
91.95 0.0065
92 0.0064
92.05 0.0064
92.1 0.0064
92.15 0.0065
92.2 0.0066
92.25 0.0066
92.3 0.0068
92.35 0.0068
92.4 0.0068
92.45 0.0069
92.5 0.0069
92.55 0.0069
92.6 0.007
92.65 0.0071
92.7 0.0072
92.75 0.0073
92.8 0.0073
92.85 0.0074
92.9 0.0073
92.95 0.0075
93 0.0075
93.05 0.0076
93.1 0.0078
93.15 0.0079
93.2 0.0081
93.25 0.008
93.3 0.0081
93.35 0.0081
93.4 0.0081
93.45 0.0088
93.5 0.0094
93.55 0.0094
93.6 0.0094
93.65 0.0095
93.7 0.0094
93.75 0.0096
93.8 0.0097
93.85 0.01
93.9 0.0104
93.95 0.0105
94 0.0108
94.05 0.011
94.1 0.011
94.15 0.011
94.2 0.011
94.25 0.0112
94.3 0.0114
94.35 0.0119
94.4 0.0123
94.45 0.0127
94.5 0.0131
94.55 0.0132
94.6 0.0134
94.65 0.0135
94.7 0.0135
94.75 0.0139
94.8 0.0142
94.85 0.0147
94.9 0.0153
94.95 0.0159
95 0.0165
95.05 0.0167
95.1 0.017
95.15 0.0173
95.2 0.0174
95.25 0.0179
95.3 0.0184
95.35 0.0193
95.4 0.0202
95.45 0.0211
95.5 0.022
95.55 0.0225
95.6 0.023
95.65 0.0235
95.7 0.0239
95.75 0.0248
95.8 0.0257
95.85 0.0271
95.9 0.0286
95.95 0.0302
96 0.0317
96.05 0.0328
96.1 0.0338
96.15 0.0349
96.2 0.036
96.25 0.0378
96.3 0.0396
96.35 0.0423
96.4 0.045
96.45 0.0479
96.5 0.0509
96.55 0.0536
96.6 0.0562
96.65 0.0591
96.7 0.0621
96.75 0.0665
96.8 0.0709
96.85 0.0767
96.9 0.0833
96.95 0.0909
97 0.0984
97.05 0.1071
97.1 0.1158
97.15 0.1277
97.2 0.1396
97.25 0.1607
97.3 0.1819
97.35 0.2204
97.4 0.259
97.45 0.3008
97.5 0.3425
97.55 0.3919
97.6 0.4414
97.65 0.5116
97.7 0.5819
97.75 0.6922
97.8 0.8024
97.85 0.9875
97.9 1.1727
97.95 1.5085
98 1.8442
98.05 2.524
98.1 3.2038
98.15 4.8098
98.2 6.4158
98.25 11.1355
98.3 15.8551
98.35 27.9734
98.4 48.8131
98.45 81.8669
98.5 115.737
98.55 126.383
98.6 104.054
98.65 67.9545
98.7 39.6923
98.75 23.6422
98.8 14.3605
98.85 10.4425
98.9 6.5246
98.95 5.0228
99 3.5209
99.05 2.8314
99.1 2.1418
99.15 1.7805
99.2 1.419
99.25 1.2101
99.3 1.001
99.35 0.8716
99.4 0.7423
99.45 0.6571
99.5 0.572
99.55 0.509
99.6 0.4459
99.65 0.3835
99.7 0.321
99.75 0.2622
99.8 0.2034
99.85 0.1759
99.9 0.1483
99.95 0.1348
100 0.1211
100.05 0.1123
100.1 0.1035
100.15 0.0958
100.2 0.0881
100.25 0.0811
100.3 0.0739
100.35 0.0686
100.4 0.0634
100.45 0.0604
100.5 0.0575
100.55 0.0556
100.6 0.0537
100.65 0.0515
100.7 0.0486
100.75 0.0453
100.8 0.0418
100.85 0.039
100.9 0.0363
100.95 0.0352
101 0.0341
101.05 0.0339
101.1 0.0336
101.15 0.0327
101.2 0.0318
101.25 0.0298
101.3 0.0279
101.35 0.0258
101.4 0.0239
101.45 0.0233
101.5 0.0226
101.55 0.0229
101.6 0.0233
101.65 0.0232
101.7 0.0231
101.75 0.0209
101.8 0.0187
101.85 0.0175
101.9 0.0163
101.95 0.0159
102 0.0154
102.05 0.0156
102.1 0.0157
102.15 0.0158
102.2 0.0158
102.25 0.015
102.3 0.0144
102.35 0.0134
102.4 0.0124
102.45 0.012
102.5 0.0115
102.55 0.0117
102.6 0.012
102.65 0.0121
102.7 0.0124
102.75 0.012
102.8 0.0117
102.85 0.0109
102.9 0.0101
102.95 0.0096
103 0.0091
103.05 0.0092
103.1 0.0093
103.15 0.0097
103.2 0.01
103.25 0.0099
103.3 0.0099
103.35 0.0092
103.4 0.0086
103.45 0.0081
103.5 0.0076
103.55 0.0075
103.6 0.0075
103.65 0.0079
103.7 0.0082
103.75 0.0083
103.8 0.0086
103.85 0.0081
103.9 0.0077
103.95 0.0072
104 0.0066
104.05 0.0064
104.1 0.0062
104.15 0.0066
104.2 0.0069
104.25 0.0072
104.3 0.0075
104.35 0.0073
104.4 0.0071
104.45 0.0065
104.5 0.0061
104.55 0.0057
104.6 0.0055
104.65 0.0056
104.7 0.0058
104.75 0.0062
104.8 0.0066
104.85 0.0066
104.9 0.0066
104.95 0.0062
105 0.0058
105.05 0.0054
105.1 0.005
105.15 0.005
105.2 0.005
105.25 0.0054
105.3 0.0057
105.35 0.006
105.4 0.0062
105.45 0.006
105.5 0.0057
105.55 0.0053
105.6 0.0048
105.65 0.0047
105.7 0.0045
105.75 0.0048
105.8 0.005
105.85 0.0054
105.9 0.0057
105.95 0.0057
106 0.0057
106.05 0.0054
106.1 0.0049
106.15 0.0046
106.2 0.0043
106.25 0.0044
106.3 0.0045
106.35 0.0048
106.4 0.0052
106.45 0.0054
106.5 0.0056
106.55 0.0054
106.6 0.0053
106.65 0.0048
106.7 0.0044
106.75 0.0044
106.8 0.0042
106.85 0.0044
106.9 0.0047
106.95 0.0051
107 0.0054
107.05 0.0054
107.1 0.0055
107.15 0.0052
107.2 0.0049
107.25 0.0046
107.3 0.0043
107.35 0.0043
107.4 0.0044
107.45 0.0047
107.5 0.0051
107.55 0.0054
107.6 0.0057
107.65 0.0055
107.7 0.0054
107.75 0.005
107.8 0.0047
107.85 0.0045
107.9 0.0043
107.95 0.0046
108 0.0048
108.05 0.0052
108.1 0.0055
108.15 0.0057
108.2 0.0058
108.25 0.0056
108.3 0.0053
108.35 0.0051
108.4 0.0047
108.45 0.0047
108.5 0.0048
108.55 0.005
108.6 0.0054
108.65 0.0057
108.7 0.0061
108.75 0.0062
108.8 0.0062
108.85 0.0058
108.9 0.0055
108.95 0.0053
109 0.0051
109.05 0.0053
109.1 0.0054
109.15 0.0058
109.2 0.0062
109.25 0.0065
109.3 0.0068
109.35 0.0067
109.4 0.0066
109.45 0.0063
109.5 0.006
109.55 0.0058
109.6 0.0057
109.65 0.0061
109.7 0.0063
109.75 0.0068
109.8 0.0073
109.85 0.0075
109.9 0.0078
109.95 0.0076
110 0.0074
110.05 0.0071
110.1 0.0068
110.15 0.0069
110.2 0.0069
110.25 0.0073
110.3 0.0077
110.35 0.0082
110.4 0.0087
110.45 0.0089
110.5 0.0091
110.55 0.0089
110.6 0.0087
110.65 0.0084
110.7 0.0083
110.75 0.0084
110.8 0.0086
110.85 0.0091
110.9 0.0096
110.95 0.0102
111 0.0108
111.05 0.0109
111.1 0.0111
111.15 0.0109
111.2 0.0107
111.25 0.0107
111.3 0.0105
111.35 0.0108
111.4 0.0111
111.45 0.0119
111.5 0.0126
111.55 0.0133
111.6 0.0139
111.65 0.0141
111.7 0.0144
111.75 0.0142
111.8 0.0141
111.85 0.0142
111.9 0.0142
111.95 0.0148
112 0.0153
112.05 0.0163
112.1 0.0173
112.15 0.0181
112.2 0.0191
112.25 0.0195
112.3 0.0199
112.35 0.0199
112.4 0.0201
112.45 0.0204
112.5 0.0207
112.55 0.0216
112.6 0.0226
112.65 0.0241
112.7 0.0255
112.75 0.0268
112.8 0.0282
112.85 0.0291
112.9 0.03
112.95 0.0307
113 0.0313
113.05 0.0323
113.1 0.0332
113.15 0.035
113.2 0.0369
113.25 0.0393
113.3 0.0417
113.35 0.0443
113.4 0.0469
113.45 0.0491
113.5 0.0514
113.55 0.0536
113.6 0.0558
113.65 0.0586
113.7 0.0614
113.75 0.0656
113.8 0.0697
113.85 0.0753
113.9 0.0808
113.95 0.0871
114 0.0936
114.05 0.1007
114.1 0.1077
114.15 0.116
114.2 0.1242
114.25 0.135
114.3 0.1457
114.35 0.1606
114.4 0.1757
114.45 0.1968
114.5 0.2178
114.55 0.2476
114.6 0.2773
114.65 0.3197
114.7 0.3621
114.75 0.4206
114.8 0.4792
114.85 0.5566
114.9 0.6341
114.95 0.7428
115 0.8515
115.05 1.0152
115.1 1.1788
115.15 1.4394
115.2 1.6999
115.25 2.1379
115.3 2.5758
115.35 3.3586
115.4 4.1415
115.45 5.6348
115.5 7.128
115.55 9.6075
115.6 13.1717
115.65 18.3019
115.7 25.5632
115.75 35.4823
115.8 47.3195
115.85 59.5831
115.9 68.6824
115.95 71.041
116 65.8444
116.05 55.0912
116.1 42.6445
116.15 31.5785
116.2 22.6719
116.25 16.3117
116.3 11.8466
116.35 8.7358
116.4 6.5553
116.45 5.224
116.5 3.8927
116.55 3.1805
116.6 2.4683
116.65 2.0621
116.7 1.6559
116.75 1.4099
116.8 1.1639
116.85 1.0064
116.9 0.8489
116.95 0.7421
117 0.6351
117.05 0.557
117.1 0.4789
117.15 0.4208
117.2 0.3625
117.25 0.3215
117.3 0.2803
117.35 0.2513
117.4 0.2224
117.45 0.2015
117.5 0.1805
117.55 0.1655
117.6 0.1503
117.65 0.1394
117.7 0.1285
117.75 0.1202
117.8 0.112
117.85 0.1051
117.9 0.0982
117.95 0.0918
118 0.0855
118.05 0.0798
118.1 0.0741
118.15 0.0696
118.2 0.065
118.25 0.0617
118.3 0.0585
118.35 0.0562
118.4 0.0539
118.45 0.0519
118.5 0.05
118.55 0.0477
118.6 0.0456
118.65 0.0431
118.7 0.0406
118.75 0.0383
118.8 0.036
118.85 0.0345
118.9 0.0328
118.95 0.0319
119 0.0311
119.05 0.0305
119.1 0.0301
119.15 0.0293
119.2 0.0285
119.25 0.0273
119.3 0.0261
119.35 0.0247
119.4 0.0233
119.45 0.0222
119.5 0.0211
119.55 0.0204
119.6 0.0199
119.65 0.0198
119.7 0.0197
119.75 0.0196
119.8 0.0195
119.85 0.019
119.9 0.0186
119.95 0.0177
120 0.0168
120.05 0.0158
120.1 0.0149
120.15 0.0144
120.2 0.0138
120.25 0.0138
120.3 0.0137
120.35 0.0138
120.4 0.0139
120.45 0.0139
120.5 0.0139
120.55 0.0135
120.6 0.013
120.65 0.0123
120.7 0.0116
120.75 0.011
120.8 0.0103
120.85 0.0102
120.9 0.0099
120.95 0.0101
121 0.0102
121.05 0.0104
121.1 0.0106
121.15 0.0106
121.2 0.0105
121.25 0.0102
121.3 0.0097
121.35 0.0091
121.4 0.0085
121.45 0.0081
121.5 0.0077
121.55 0.0076
121.6 0.0076
121.65 0.0079
121.7 0.0081
121.75 0.0083
121.8 0.0086
121.85 0.0084
121.9 0.0083
121.95 0.0079
122 0.0075
122.05 0.007
122.1 0.0065
122.15 0.0062
122.2 0.006
122.25 0.006
122.3 0.0062
122.35 0.0064
122.4 0.0067
122.45 0.0069
122.5 0.007
122.55 0.007
122.6 0.0068
122.65 0.0058
122.7 0.0048
122.75 0.0045
122.8 0.0042
122.85 0.0042
122.9 0.0042
122.95 0.0045
123 0.0047
123.05 0.005
123.1 0.0053
123.15 0.0052
123.2 0.0052
123.25 0.0049
123.3 0.0046
123.35 0.0042
123.4 0.0038
123.45 0.0036
123.5 0.0033
123.55 0.0034
123.6 0.0034
123.65 0.0037
123.7 0.004
123.75 0.0042
123.8 0.0045
123.85 0.0044
123.9 0.0044
123.95 0.0041
124 0.0038
124.05 0.0034
124.1 0.0031
124.15 0.0029
124.2 0.0027
124.25 0.0029
124.3 0.0029
124.35 0.0032
124.4 0.0034
124.45 0.0036
124.5 0.0039
124.55 0.0038
124.6 0.0038
124.65 0.0035
124.7 0.0032
124.75 0.0029
124.8 0.0026
124.85 0.0024
124.9 0.0023
124.95 0.0023
125 0.0024
125.05 0.0027
125.1 0.0029
125.15 0.0031
125.2 0.0034
125.25 0.0033
125.3 0.0033
125.35 0.003
125.4 0.0028
125.45 0.0026
125.5 0.0022
125.55 0.0021
125.6 0.0019
125.65 0.002
125.7 0.002
125.75 0.0023
125.8 0.0025
125.85 0.0027
125.9 0.0029
125.95 0.0029
126 0.003
126.05 0.0027
126.1 0.0026
126.15 0.0023
126.2 0.002
126.25 0.0018
126.3 0.0017
126.35 0.0016
126.4 0.0017
126.45 0.0019
126.5 0.0021
126.55 0.0023
126.6 0.0026
126.65 0.0026
126.7 0.0027
126.75 0.0025
126.8 0.0024
126.85 0.0022
126.9 0.0019
126.95 0.0017
127 0.0015
127.05 0.0014
127.1 0.0015
127.15 0.0016
127.2 0.0017
127.25 0.002
127.3 0.0022
127.35 0.0023
127.4 0.0024
127.45 0.0024
127.5 0.0023
127.55 0.002
127.6 0.0018
127.65 0.0016
127.7 0.0014
127.75 0.0013
127.8 0.0012
127.85 0.0013
127.9 0.0015
127.95 0.0017
128 0.0019
128.05 0.002
128.1 0.0022
128.15 0.0022
128.2 0.0022
128.25 0.002
128.3 0.0018
128.35 0.0016
128.4 0.0014
128.45 0.0012
128.5 0.0011
128.55 0.0011
128.6 0.0011
128.65 0.0013
128.7 0.0015
128.75 0.0017
128.8 0.0018
128.85 0.0019
128.9 0.002
128.95 0.002
129 0.0019
129.05 0.0016
129.1 0.0015
129.15 0.0013
129.2 0.001
129.25 0.001
129.3 0.001
129.35 0.001
129.4 0.0011
129.45 0.0014
129.5 0.0015
129.55 0.0017
129.6 0.0018
129.65 0.0019
129.7 0.0018
129.75 0.0018
129.8 0.0016
129.85 0.0014
129.9 0.0012
129.95 0.001
130 0.0114
