40 0.0528
40.05 0.0537
40.1 0.0546
40.15 0.0551
40.2 0.0556
40.25 0.0565
40.3 0.0574
40.35 0.0611
40.4 0.061
40.45 0.0633
40.5 0.0654
40.55 0.067
40.6 0.0687
40.65 0.0685
40.7 0.0706
40.75 0.0719
40.8 0.0731
40.85 0.0754
40.9 0.0776
40.95 0.0806
41 0.0836
41.05 0.0863
41.1 0.089
41.15 0.0909
41.2 0.0929
41.25 0.0949
41.3 0.0968
41.35 0.0999
41.4 0.1029
41.45 0.1073
41.5 0.1116
41.55 0.116
41.6 0.1205
41.65 0.1241
41.7 0.1278
41.75 0.1314
41.8 0.1349
41.85 0.1397
41.9 0.1447
41.95 0.1514
42 0.158
42.05 0.1656
42.1 0.1731
42.15 0.1802
42.2 0.1873
42.25 0.1944
42.3 0.2015
42.35 0.2105
42.4 0.2196
42.45 0.2316
42.5 0.2437
42.55 0.2555
42.6 0.2721
42.65 0.2871
42.7 0.3021
42.75 0.3184
42.8 0.3347
42.85 0.355
42.9 0.3753
42.95 0.402
43 0.4286
43.05 0.4621
43.1 0.4956
43.15 0.5355
43.2 0.5755
43.25 0.6275
43.3 0.6796
43.35 0.849
43.4 1.0185
43.45 1.2829
43.5 1.5472
43.55 1.7249
43.6 1.9027
43.65 2.1363
43.7 2.3698
43.75 2.6637
43.8 3.0256
43.85 3.5171
43.9 4.0087
43.95 4.7991
44 5.5895
44.05 6.9774
44.1 8.3651
44.15 10.6144
44.2 14.0309
44.25 19.6461
44.3 30.8028
44.35 61.1082
44.4 156.75
44.45 442.683
44.5 1060.75
44.55 1874.96
44.6 2186.37
44.65 1102.51
44.7 242.781
44.75 72.5054
44.8 34.5803
44.85 20.8957
44.9 13.6802
44.95 9.8019
45 7.4048
45.05 5.7778
45.1 4.66
45.15 3.9346
45.2 3.2094
45.25 2.7837
45.3 2.3581
45.35 2.089
45.4 1.8197
45.45 1.6357
45.5 1.4516
45.55 1.3176
45.6 1.1834
45.65 1.0834
45.7 0.9834
45.75 0.8843
45.8 0.785
45.85 0.6979
45.9 0.6107
45.95 0.5678
46 0.525
46.05 0.4892
46.1 0.4534
46.15 0.4245
46.2 0.3957
46.25 0.3741
46.3 0.3524
46.35 0.3351
46.4 0.3179
46.45 0.3019
46.5 0.2859
46.55 0.2707
46.6 0.2553
46.65 0.2428
46.7 0.2302
46.75 0.221
46.8 0.2119
46.85 0.2044
46.9 0.1968
46.95 0.1887
47 0.1806
47.05 0.1725
47.1 0.1642
47.15 0.1577
47.2 0.1512
47.25 0.1469
47.3 0.1425
47.35 0.1386
47.4 0.1346
47.45 0.1298
47.5 0.1249
47.55 0.1199
47.6 0.1147
47.65 0.1112
47.7 0.1075
47.75 0.1053
47.8 0.1031
47.85 0.1008
47.9 0.0985
47.95 0.0951
48 0.0917
48.05 0.0883
48.1 0.085
48.15 0.083
48.2 0.0809
48.25 0.0799
48.3 0.0787
48.35 0.0771
48.4 0.0754
48.45 0.0728
48.5 0.0703
48.55 0.068
48.6 0.0658
48.65 0.0647
48.7 0.0637
48.75 0.0631
48.8 0.0626
48.85 0.0611
48.9 0.0598
48.95 0.0578
49 0.0557
49.05 0.0542
49.1 0.0527
49.15 0.0537
49.2 0.052
49.25 0.0521
49.3 0.052
49.35 0.0508
49.4 0.0494
49.45 0.0478
49.5 0.0462
49.55 0.0455
49.6 0.0446
49.65 0.0446
49.7 0.0446
49.75 0.044
49.8 0.0436
49.85 0.0424
49.9 0.041
49.95 0.0399
50 0.0387
50.05 0.0385
50.1 0.0382
50.15 0.0383
50.2 0.0383
50.25 0.0377
50.3 0.0371
50.35 0.0359
50.4 0.0347
50.45 0.034
50.5 0.0333
50.55 0.0334
50.6 0.0335
50.65 0.0335
50.7 0.0334
50.75 0.0326
50.8 0.0318
50.85 0.0309
50.9 0.0299
50.95 0.0296
51 0.0294
51.05 0.0296
51.1 0.0299
51.15 0.0297
51.2 0.0293
51.25 0.0284
51.3 0.0275
51.35 0.0269
51.4 0.0263
51.45 0.0265
51.5 0.0266
51.55 0.0267
51.6 0.027
51.65 0.0263
51.7 0.0258
51.75 0.0251
51.8 0.0242
51.85 0.024
51.9 0.0239
51.95 0.0242
52 0.0244
52.05 0.0244
52.1 0.0242
52.15 0.0235
52.2 0.0227
52.25 0.0223
52.3 0.0218
52.35 0.022
52.4 0.0221
52.45 0.0224
52.5 0.0226
52.55 0.0221
52.6 0.0217
52.65 0.021
52.7 0.0203
52.75 0.0203
52.8 0.0202
52.85 0.0205
52.9 0.0209
52.95 0.0208
53 0.0207
53.05 0.0201
53.1 0.0194
53.15 0.0191
53.2 0.0187
53.25 0.019
53.3 0.0192
53.35 0.0195
53.4 0.0196
53.45 0.0192
53.5 0.0187
53.55 0.0182
53.6 0.0177
53.65 0.0177
53.7 0.0178
53.75 0.0182
53.8 0.0185
53.85 0.0184
53.9 0.0182
53.95 0.0175
54 0.0169
54.05 0.0169
54.1 0.0166
54.15 0.0171
54.2 0.0173
54.25 0.0175
54.3 0.0175
54.35 0.017
54.4 0.0165
54.45 0.0162
54.5 0.0157
54.55 0.016
54.6 0.0163
54.65 0.0166
54.7 0.0169
54.75 0.0165
54.8 0.0162
54.85 0.0157
54.9 0.0152
54.95 0.0153
55 0.0154
55.05 0.0158
55.1 0.0162
55.15 0.016
55.2 0.0159
55.25 0.0154
55.3 0.0149
55.35 0.0148
55.4 0.0147
55.45 0.0151
55.5 0.0155
55.55 0.0155
55.6 0.0156
55.65 0.0151
55.7 0.0146
55.75 0.0144
55.8 0.0142
55.85 0.0145
55.9 0.0149
55.95 0.0151
56 0.0153
56.05 0.015
56.1 0.0146
56.15 0.0142
56.2 0.0138
56.25 0.0141
56.3 0.0143
56.35 0.014
56.4 0.015
56.45 0.0148
56.5 0.0145
56.55 0.0141
56.6 0.0136
56.65 0.0137
56.7 0.0139
56.75 0.0139
56.8 0.0146
56.85 0.0146
56.9 0.0144
56.95 0.014
57 0.0136
57.05 0.0136
57.1 0.0136
57.15 0.0141
57.2 0.0145
57.25 0.0145
57.3 0.0145
57.35 0.014
57.4 0.0136
57.45 0.0136
57.5 0.0134
57.55 0.0139
57.6 0.0143
57.65 0.0144
57.7 0.0145
57.75 0.0141
57.8 0.0136
57.85 0.0135
57.9 0.0134
57.95 0.0138
58 0.0142
58.05 0.0144
58.1 0.0146
58.15 0.0142
58.2 0.0139
58.25 0.0137
58.3 0.0134
58.35 0.0139
58.4 0.0142
58.45 0.0145
58.5 0.0147
58.55 0.0145
58.6 0.0141
58.65 0.0139
58.7 0.0136
58.75 0.014
58.8 0.0143
58.85 0.0147
58.9 0.015
58.95 0.0148
59 0.0144
59.05 0.0142
59.1 0.0139
59.15 0.0143
59.2 0.0146
59.25 0.015
59.3 0.0153
59.35 0.0151
59.4 0.0148
59.45 0.0146
59.5 0.0143
59.55 0.0147
59.6 0.0151
59.65 0.0155
59.7 0.0159
59.75 0.0157
59.8 0.0154
59.85 0.0152
59.9 0.015
59.95 0.0097
60 0.0045
60.05 0.0046
60.1 0.0048
60.15 0.0048
60.2 0.0049
60.25 0.005
60.3 0.005
60.35 0.0053
60.4 0.0054
60.45 0.0055
60.5 0.0056
60.55 0.0057
60.6 0.0058
60.65 0.006
60.7 0.0061
60.75 0.0063
60.8 0.0065
60.85 0.0067
60.9 0.0069
60.95 0.007
61 0.0071
61.05 0.0073
61.1 0.0075
61.15 0.0078
61.2 0.008
61.25 0.0082
61.3 0.0085
61.35 0.0087
61.4 0.0089
61.45 0.0092
61.5 0.0095
61.55 0.0099
61.6 0.0102
61.65 0.0105
61.7 0.0108
61.75 0.0112
61.8 0.0116
61.85 0.012
61.9 0.0124
61.95 0.0129
62 0.0134
62.05 0.014
62.1 0.0144
62.15 0.015
62.2 0.0155
62.25 0.0162
62.3 0.017
62.35 0.0177
62.4 0.0185
62.45 0.0194
62.5 0.0202
62.55 0.0212
62.6 0.0221
62.65 0.0233
62.7 0.0246
62.75 0.0259
62.8 0.0273
62.85 0.0289
62.9 0.0304
62.95 0.0323
63 0.0341
63.05 0.0365
63.1 0.0389
63.15 0.0417
63.2 0.0446
63.25 0.0481
63.3 0.0516
63.35 0.0563
63.4 0.061
63.45 0.0682
63.5 0.0756
63.55 0.0921
63.6 0.1086
63.65 0.1421
63.7 0.1754
63.75 0.2041
63.8 0.2328
63.85 0.2629
63.9 0.293
63.95 0.3339
64 0.3748
64.05 0.4353
64.1 0.4958
64.15 0.5921
64.2 0.6882
64.25 0.8552
64.3 1.0222
64.35 1.3529
64.4 1.6836
64.45 2.4979
64.5 3.312
64.55 5.1807
64.6 8.9579
64.65 17.0833
64.7 34.04
64.75 64.0994
64.8 101.741
64.85 124.715
64.9 111.089
64.95 71.3278
65 36.1688
65.05 17.6022
65.1 8.4669
65.15 5.6786
65.2 2.8902
65.25 2.1363
65.3 1.3823
65.35 1.0933
65.4 0.8044
65.45 0.666
65.5 0.5276
65.55 0.4512
65.6 0.3747
65.65 0.3279
65.7 0.2812
65.75 0.2506
65.8 0.2198
65.85 0.1985
65.9 0.1772
65.95 0.1589
66 0.1406
66.05 0.1201
66.1 0.0996
66.15 0.0873
66.2 0.0751
66.25 0.0688
66.3 0.0626
66.35 0.058
66.4 0.0535
66.45 0.05
66.5 0.0464
66.55 0.0437
66.6 0.041
66.65 0.0388
66.7 0.0365
66.75 0.0346
66.8 0.0325
66.85 0.0309
66.9 0.0293
66.95 0.028
67 0.0268
67.05 0.0256
67.1 0.0244
67.15 0.0232
67.2 0.0221
67.25 0.0214
67.3 0.0206
67.35 0.0199
67.4 0.0191
67.45 0.0184
67.5 0.0177
67.55 0.017
67.6 0.0164
67.65 0.0159
67.7 0.0155
67.75 0.015
67.8 0.0146
67.85 0.014
67.9 0.0134
67.95 0.0132
68 0.0128
68.05 0.0126
68.1 0.0123
68.15 0.0119
68.2 0.0115
68.25 0.0112
68.3 0.0109
68.35 0.0107
68.4 0.0105
68.45 0.0103
68.5 0.0101
68.55 0.0098
68.6 0.0095
68.65 0.0093
68.7 0.0091
68.75 0.0091
68.8 0.009
68.85 0.0087
68.9 0.0084
68.95 0.0082
69 0.0081
69.05 0.0081
69.1 0.008
69.15 0.0078
69.2 0.0078
69.25 0.0075
69.3 0.0073
69.35 0.0072
69.4 0.0072
69.45 0.0071
69.5 0.0071
69.55 0.0069
69.6 0.0067
69.65 0.0067
69.7 0.0065
69.75 0.0066
69.8 0.0065
69.85 0.0065
69.9 0.0063
69.95 0.0062
70 0.0061
70.05 0.006
70.1 0.006
70.15 0.006
70.2 0.006
70.25 0.0059
70.3 0.0057
70.35 0.0057
70.4 0.0056
70.45 0.0057
70.5 0.0057
70.55 0.0056
70.6 0.0055
70.65 0.0054
70.7 0.0053
70.75 0.0054
70.8 0.0054
70.85 0.0054
70.9 0.0053
70.95 0.0052
71 0.0051
71.05 0.0051
71.1 0.0052
71.15 0.0052
71.2 0.0053
71.25 0.0051
71.3 0.005
71.35 0.0049
71.4 0.0049
71.45 0.005
71.5 0.0051
71.55 0.005
71.6 0.005
71.65 0.0049
71.7 0.0048
71.75 0.0048
71.8 0.0049
71.85 0.0049
71.9 0.0049
71.95 0.0048
72 0.0047
72.05 0.0047
72.1 0.0047
72.15 0.0049
72.2 0.005
72.25 0.0049
72.3 0.0047
72.35 0.0047
72.4 0.0046
72.45 0.0047
72.5 0.0049
72.55 0.0049
72.6 0.0047
72.65 0.0047
72.7 0.0046
72.75 0.0047
72.8 0.0049
72.85 0.0048
72.9 0.0048
72.95 0.0048
73 0.0047
73.05 0.0047
73.1 0.0048
73.15 0.0049
73.2 0.005
73.25 0.0048
73.3 0.0048
73.35 0.0048
73.4 0.0047
73.45 0.0049
73.5 0.0051
73.55 0.005
73.6 0.0049
73.65 0.0049
73.7 0.0048
73.75 0.0049
73.8 0.0051
73.85 0.0051
73.9 0.0051
73.95 0.005
74 0.0049
74.05 0.0051
74.1 0.0052
74.15 0.0053
74.2 0.0053
74.25 0.0052
74.3 0.0051
74.35 0.0052
74.4 0.0053
74.45 0.0055
74.5 0.0056
74.55 0.0055
74.6 0.0053
74.65 0.0054
74.7 0.0055
74.75 0.0057
74.8 0.0058
74.85 0.0057
74.9 0.0056
74.95 0.0056
75 0.0057
75.05 0.0058
75.1 0.006
75.15 0.006
75.2 0.006
75.25 0.0059
75.3 0.0059
75.35 0.0062
75.4 0.0063
75.45 0.0064
75.5 0.0065
75.55 0.0064
75.6 0.0063
75.65 0.0065
75.7 0.0067
75.75 0.0068
75.8 0.0069
75.85 0.0069
75.9 0.0067
75.95 0.0069
76 0.0071
76.05 0.0072
76.1 0.0074
76.15 0.0073
76.2 0.0072
76.25 0.0074
76.3 0.0076
76.35 0.0078
76.4 0.008
76.45 0.008
76.5 0.0079
76.55 0.0081
76.6 0.0082
76.65 0.0084
76.7 0.0087
76.75 0.0087
76.8 0.0087
76.85 0.0088
76.9 0.0089
76.95 0.0092
77 0.0096
77.05 0.0096
77.1 0.0097
77.15 0.0098
77.2 0.0098
77.25 0.0102
77.3 0.0106
77.35 0.0107
77.4 0.0107
77.45 0.0108
77.5 0.0109
77.55 0.0114
77.6 0.0118
77.65 0.012
77.7 0.0121
77.75 0.0122
77.8 0.0123
77.85 0.0128
77.9 0.0134
77.95 0.0135
78 0.0138
78.05 0.0139
78.1 0.0141
78.15 0.0147
78.2 0.0153
78.25 0.0156
78.3 0.0159
78.35 0.0161
78.4 0.0163
78.45 0.017
78.5 0.0177
78.55 0.0181
78.6 0.0185
78.65 0.0188
78.7 0.0191
78.75 0.02
78.8 0.0209
78.85 0.0214
78.9 0.022
78.95 0.0224
79 0.023
79.05 0.024
79.1 0.0251
79.15 0.0258
79.2 0.0267
79.25 0.0274
79.3 0.0281
79.35 0.0295
79.4 0.0308
79.45 0.0324
79.5 0.0339
79.55 0.035
79.6 0.0361
79.65 0.0379
79.7 0.0398
79.75 0.0415
79.8 0.0432
79.85 0.0449
79.9 0.0465
79.95 0.0493
80 0.0521
80.05 0.0546
80.1 0.0573
80.15 0.0601
80.2 0.063
80.25 0.0672
80.3 0.0715
80.35 0.0758
80.4 0.0802
80.45 0.0853
80.5 0.0905
80.55 0.0978
80.6 0.1053
80.65 0.1138
80.7 0.1223
80.75 0.1344
80.8 0.1466
80.85 0.1732
80.9 0.2
80.95 0.2734
81 0.3469
81.05 0.4029
81.1 0.4589
81.15 0.5157
81.2 0.5725
81.25 0.6484
81.3 0.7243
81.35 0.8376
81.4 0.9509
81.45 1.1304
81.5 1.31
81.55 1.6161
81.6 1.9221
81.65 2.5231
81.7 3.1241
81.75 4.5755
81.8 6.0269
81.85 11.2465
81.9 16.4661
81.95 33.6272
82 75.2207
82.05 156.204
82.1 251.848
82.15 277.27
82.2 195.26
82.25 94.3345
82.3 38.984
82.35 18.2173
82.4 9.2958
82.45 6.5426
82.5 3.7893
82.55 2.918
82.6 2.0468
82.65 1.6653
82.7 1.2838
82.75 1.086
82.8 0.8882
82.85 0.7705
82.9 0.6529
82.95 0.5777
83 0.5026
83.05 0.4529
83.1 0.4031
83.15 0.3652
83.2 0.3271
83.25 0.2878
83.3 0.2486
83.35 0.2088
83.4 0.1691
83.45 0.152
83.5 0.135
83.55 0.1251
83.6 0.1153
83.65 0.1077
83.7 0.1002
83.75 0.0934
83.8 0.0867
83.85 0.082
83.9 0.0774
83.95 0.0732
84 0.069
84.05 0.065
84.1 0.0611
84.15 0.0586
84.2 0.0561
84.25 0.0533
84.3 0.0504
84.35 0.0481
84.4 0.0457
84.45 0.0442
84.5 0.0427
84.55 0.0406
84.6 0.0386
84.65 0.0371
84.7 0.0358
84.75 0.0347
84.8 0.0336
84.85 0.0321
84.9 0.0305
84.95 0.0298
85 0.029
85.05 0.028
85.1 0.0272
85.15 0.0261
85.2 0.0249
85.25 0.0245
85.3 0.0241
85.35 0.0233
85.4 0.0224
85.45 0.0217
85.5 0.0209
85.55 0.0207
85.6 0.0204
85.65 0.0196
85.7 0.0189
85.75 0.0184
85.8 0.018
85.85 0.0178
85.9 0.0175
85.95 0.0168
86 0.0162
86.05 0.0159
86.1 0.0158
86.15 0.0155
86.2 0.0152
86.25 0.0146
86.3 0.0141
86.35 0.0141
86.4 0.014
86.45 0.0136
86.5 0.0132
86.55 0.0129
86.6 0.0127
86.65 0.0126
86.7 0.0125
86.75 0.0121
86.8 0.0116
86.85 0.0116
86.9 0.0115
86.95 0.0113
87 0.0112
87.05 0.0108
87.1 0.0105
87.15 0.0105
87.2 0.0105
87.25 0.0103
87.3 0.01
87.35 0.0098
87.4 0.0096
87.45 0.0097
87.5 0.0096
87.55 0.0094
87.6 0.0091
87.65 0.009
87.7 0.0091
87.75 0.0089
87.8 0.0088
87.85 0.0086
87.9 0.0083
87.95 0.0084
88 0.0085
88.05 0.0082
88.1 0.0081
88.15 0.0079
88.2 0.0079
88.25 0.008
88.3 0.008
88.35 0.0077
88.4 0.0075
88.45 0.0074
88.5 0.0076
88.55 0.0074
88.6 0.0074
88.65 0.0072
88.7 0.007
88.75 0.0071
88.8 0.0073
88.85 0.0071
88.9 0.0069
88.95 0.0069
89 0.0069
89.05 0.0069
89.1 0.0069
89.15 0.0067
89.2 0.0065
89.25 0.0066
89.3 0.0068
89.35 0.0065
89.4 0.0065
89.45 0.0064
89.5 0.0064
89.55 0.0064
89.6 0.0065
89.65 0.0063
89.7 0.0062
89.75 0.0062
89.8 0.0063
89.85 0.0062
89.9 0.0062
89.95 0.0061
90 0.006
90.05 0.0061
90.1 0.0063
90.15 0.0061
90.2 0.0059
90.25 0.0059
90.3 0.006
90.35 0.006
90.4 0.006
90.45 0.0059
90.5 0.0058
90.55 0.0059
90.6 0.0061
90.65 0.0059
90.7 0.0059
90.75 0.0059
90.8 0.0059
90.85 0.0059
90.9 0.006
90.95 0.0059
91 0.0058
91.05 0.0059
91.1 0.006
91.15 0.0059
91.2 0.0058
91.25 0.0058
91.3 0.0059
91.35 0.006
91.4 0.0061
91.45 0.0059
91.5 0.0059
91.55 0.0059
91.6 0.0061
91.65 0.006
91.7 0.006
91.75 0.006
91.8 0.006
91.85 0.0061
91.9 0.0062
91.95 0.0061
92 0.006
92.05 0.0061
92.1 0.0064
92.15 0.0063
92.2 0.0062
92.25 0.0063
92.3 0.0063
92.35 0.0064
92.4 0.0066
92.45 0.0064
92.5 0.0064
92.55 0.0065
92.6 0.0067
92.65 0.0067
92.7 0.0066
92.75 0.0067
92.8 0.0068
92.85 0.0069
92.9 0.007
92.95 0.0069
93 0.0069
93.05 0.0071
93.1 0.0073
93.15 0.0072
93.2 0.0072
93.25 0.0073
93.3 0.0075
93.35 0.0075
93.4 0.0077
93.45 0.0077
93.5 0.0076
93.55 0.0082
93.6 0.0088
93.65 0.0087
93.7 0.0087
93.75 0.0089
93.8 0.0092
93.85 0.0092
93.9 0.0094
93.95 0.0096
94 0.0095
94.05 0.0097
94.1 0.01
94.15 0.01
94.2 0.01
94.25 0.0103
94.3 0.0106
94.35 0.0107
94.4 0.0108
94.45 0.011
94.5 0.0112
94.55 0.0114
94.6 0.0118
94.65 0.0118
94.7 0.0119
94.75 0.0123
94.8 0.0127
94.85 0.0129
94.9 0.013
94.95 0.0133
95 0.0137
95.05 0.014
95.1 0.0144
95.15 0.0146
95.2 0.0149
95.25 0.0154
95.3 0.016
95.35 0.0162
95.4 0.0165
95.45 0.0171
95.5 0.0177
95.55 0.0181
95.6 0.0185
95.65 0.0191
95.7 0.0197
95.75 0.0204
95.8 0.0212
95.85 0.0217
95.9 0.0223
95.95 0.0233
96 0.0243
96.05 0.0249
96.1 0.0257
96.15 0.0269
96.2 0.0281
96.25 0.0292
96.3 0.0302
96.35 0.0316
96.4 0.033
96.45 0.0346
96.5 0.0364
96.55 0.038
96.6 0.0396
96.65 0.0419
96.7 0.0444
96.75 0.0467
96.8 0.049
96.85 0.0522
96.9 0.0554
96.95 0.0591
97 0.0627
97.05 0.0672
97.1 0.0718
97.15 0.0777
97.2 0.0837
97.25 0.0913
97.3 0.0989
97.35 0.1122
97.4 0.1254
97.45 0.1521
97.5 0.1789
97.55 0.2121
97.6 0.2453
97.65 0.2775
97.7 0.3097
97.75 0.3532
97.8 0.3966
97.85 0.4604
97.9 0.5242
97.95 0.6246
98 0.7251
98.05 0.8992
98.1 1.0732
98.15 1.4111
98.2 1.749
98.25 2.5497
98.3 3.3504
98.35 5.8851
98.4 8.4198
98.45 15.7166
98.5 29.7053
98.55 56.6727
98.6 94.9944
98.65 126.683
98.7 126.591
98.75 94.444
98.8 56.3398
98.85 30.289
98.9 16.5004
98.95 9.6908
99 6.1947
99.05 4.6415
99.1 3.0885
99.15 2.4619
99.2 1.8354
99.25 1.5251
99.3 1.215
99.35 1.0402
99.4 0.8655
99.45 0.7563
99.5 0.6472
99.55 0.5753
99.6 0.5034
99.65 0.4503
99.7 0.3973
99.75 0.3493
99.8 0.3013
99.85 0.2432
99.9 0.1851
99.95 0.1546
100 0.1239
100.05 0.1111
100.1 0.0982
100.15 0.0904
100.2 0.0826
100.25 0.077
100.3 0.0715
100.35 0.0668
100.4 0.0621
100.45 0.0588
100.5 0.0555
100.55 0.0522
100.6 0.049
100.65 0.0468
100.7 0.0446
100.75 0.0422
100.8 0.0398
100.85 0.0383
100.9 0.0368
100.95 0.0351
101 0.0334
101.05 0.0321
101.1 0.0309
101.15 0.0297
101.2 0.0285
101.25 0.0275
101.3 0.0264
101.35 0.0256
101.4 0.0248
101.45 0.0239
101.5 0.0228
101.55 0.0224
101.6 0.0219
101.65 0.021
101.7 0.0201
101.75 0.0198
101.8 0.0194
101.85 0.0187
101.9 0.018
101.95 0.0169
102 0.0158
102.05 0.0154
102.1 0.0148
102.15 0.0144
102.2 0.014
102.25 0.0138
102.3 0.0135
102.35 0.0131
102.4 0.0126
102.45 0.0125
102.5 0.0123
102.55 0.0119
102.6 0.0114
102.65 0.0114
102.7 0.0113
102.75 0.0109
102.8 0.0104
102.85 0.0104
102.9 0.0104
102.95 0.0101
103 0.0097
103.05 0.0096
103.1 0.0095
103.15 0.0093
103.2 0.0091
103.25 0.009
103.3 0.0089
103.35 0.0087
103.4 0.0086
103.45 0.0084
103.5 0.0082
103.55 0.0082
103.6 0.0081
103.65 0.0079
103.7 0.0076
103.75 0.0076
103.8 0.0076
103.85 0.0074
103.9 0.0072
103.95 0.0072
104 0.0073
104.05 0.007
104.1 0.0068
104.15 0.0069
104.2 0.0069
104.25 0.0068
104.3 0.0065
104.35 0.0066
104.4 0.0066
104.45 0.0064
104.5 0.0063
104.55 0.0062
104.6 0.0063
104.65 0.0062
104.7 0.0061
104.75 0.0061
104.8 0.006
104.85 0.006
104.9 0.0059
104.95 0.0059
105 0.0058
105.05 0.0057
105.1 0.0058
105.15 0.0057
105.2 0.0055
105.25 0.0056
105.3 0.0056
105.35 0.0055
105.4 0.0054
105.45 0.0055
105.5 0.0055
105.55 0.0054
105.6 0.0052
105.65 0.0053
105.7 0.0054
105.75 0.0052
105.8 0.0052
105.85 0.0052
105.9 0.0053
105.95 0.0051
106 0.005
106.05 0.0051
106.1 0.0052
106.15 0.0052
106.2 0.005
106.25 0.005
106.3 0.0051
106.35 0.0051
106.4 0.0049
106.45 0.005
106.5 0.0051
106.55 0.005
106.6 0.0049
106.65 0.005
106.7 0.005
106.75 0.005
106.8 0.005
106.85 0.005
106.9 0.005
106.95 0.005
107 0.005
107.05 0.0049
107.1 0.005
107.15 0.005
107.2 0.0049
107.25 0.005
107.3 0.005
107.35 0.005
107.4 0.005
107.45 0.0051
107.5 0.005
107.55 0.005
107.6 0.005
107.65 0.0051
107.7 0.005
107.75 0.0051
107.8 0.0051
107.85 0.0051
107.9 0.0051
107.95 0.0052
108 0.0052
108.05 0.0052
108.1 0.0052
108.15 0.0052
108.2 0.0053
108.25 0.0053
108.3 0.0053
108.35 0.0053
108.4 0.0055
108.45 0.0054
108.5 0.0054
108.55 0.0056
108.6 0.0056
108.65 0.0056
108.7 0.0056
108.75 0.0057
108.8 0.0058
108.85 0.0058
108.9 0.0058
108.95 0.0058
109 0.0059
109.05 0.006
109.1 0.0059
109.15 0.0061
109.2 0.0061
109.25 0.0062
109.3 0.0061
109.35 0.0063
109.4 0.0063
109.45 0.0064
109.5 0.0064
109.55 0.0066
109.6 0.0066
109.65 0.0067
109.7 0.0067
109.75 0.0069
109.8 0.0069
109.85 0.007
109.9 0.007
109.95 0.0072
110 0.0073
110.05 0.0073
110.1 0.0074
110.15 0.0075
110.2 0.0077
110.25 0.0077
110.3 0.0078
110.35 0.008
110.4 0.0081
110.45 0.0082
110.5 0.0083
110.55 0.0085
110.6 0.0086
110.65 0.0088
110.7 0.0089
110.75 0.0091
110.8 0.0093
110.85 0.0094
110.9 0.0095
110.95 0.0098
111 0.0099
111.05 0.0101
111.1 0.0103
111.15 0.0105
111.2 0.0107
111.25 0.0109
111.3 0.0111
111.35 0.0113
111.4 0.0116
111.45 0.0119
111.5 0.0122
111.55 0.0124
111.6 0.0126
111.65 0.013
111.7 0.0132
111.75 0.0136
111.8 0.0139
111.85 0.0142
111.9 0.0146
111.95 0.015
112 0.0153
112.05 0.0157
112.1 0.0162
112.15 0.0166
112.2 0.017
112.25 0.0176
112.3 0.0182
112.35 0.0187
112.4 0.0191
112.45 0.0198
112.5 0.0204
112.55 0.0211
112.6 0.0217
112.65 0.0224
112.7 0.0232
112.75 0.0241
112.8 0.0248
112.85 0.0258
112.9 0.0267
112.95 0.0277
113 0.0287
113.05 0.0298
113.1 0.0311
113.15 0.0324
113.2 0.0335
113.25 0.0351
113.3 0.0366
113.35 0.0383
113.4 0.04
113.45 0.0419
113.5 0.0438
113.55 0.0461
113.6 0.0483
113.65 0.0509
113.7 0.0535
113.75 0.0566
113.8 0.0596
113.85 0.0632
113.9 0.0669
113.95 0.0712
114 0.0756
114.05 0.0808
114.1 0.0859
114.15 0.0925
114.2 0.0989
114.25 0.1069
114.3 0.1149
114.35 0.1253
114.4 0.1357
114.45 0.1494
114.5 0.1633
114.55 0.1828
114.6 0.2023
114.65 0.231
114.7 0.2596
114.75 0.3013
114.8 0.343
114.85 0.3957
114.9 0.4561
114.95 0.5311
115 0.6062
115.05 0.7122
115.1 0.8183
115.15 0.9822
115.2 1.1461
115.25 1.4219
115.3 1.6976
115.35 2.2026
115.4 2.7077
115.45 3.7173
115.5 4.7269
115.55 6.8887
115.6 9.0505
115.65 13.7126
115.7 18.3746
115.75 26.092
115.8 36.2223
115.85 48.308
115.9 60.7784
115.95 71.0416
116 76.457
116.05 75.2133
116.1 67.7716
116.15 56.368
116.2 43.8437
116.25 32.55
116.3 23.2092
116.35 16.3585
116.4 11.5204
116.45 8.7293
116.5 5.9384
116.55 4.6355
116.6 3.3327
116.65 2.6908
116.7 2.0487
116.75 1.705
116.8 1.3612
116.85 1.1607
116.9 0.9602
116.95 0.8328
117 0.7055
117.05 0.617
117.1 0.5285
117.15 0.4626
117.2 0.3967
117.25 0.3476
117.3 0.2987
117.35 0.2648
117.4 0.2309
117.45 0.2078
117.5 0.1847
117.55 0.1687
117.6 0.1526
117.65 0.1407
117.7 0.1287
117.75 0.1196
117.8 0.1105
117.85 0.1032
117.9 0.096
117.95 0.0901
118 0.0842
118.05 0.0794
118.1 0.0745
118.15 0.0705
118.2 0.0663
118.25 0.0631
118.3 0.0597
118.35 0.0568
118.4 0.0538
118.45 0.0513
118.5 0.0489
118.55 0.0467
118.6 0.0446
118.65 0.0427
118.7 0.0408
118.75 0.0392
118.8 0.0375
118.85 0.0361
118.9 0.0345
118.95 0.0334
119 0.0321
119.05 0.0309
119.1 0.0297
119.15 0.0287
119.2 0.0278
119.25 0.0268
119.3 0.0259
119.35 0.025
119.4 0.0242
119.45 0.0236
119.5 0.0228
119.55 0.0221
119.6 0.0213
119.65 0.0208
119.7 0.0203
119.75 0.0196
119.8 0.019
119.85 0.0186
119.9 0.0181
119.95 0.0176
120 0.017
120.05 0.0166
120.1 0.0163
120.15 0.0159
120.2 0.0154
120.25 0.0151
120.3 0.0146
120.35 0.0144
120.4 0.0141
120.45 0.0137
120.5 0.0133
120.55 0.0131
120.6 0.0128
120.65 0.0125
120.7 0.0122
120.75 0.012
120.8 0.0118
120.85 0.0116
120.9 0.0113
120.95 0.0111
121 0.0108
121.05 0.0107
121.1 0.0105
121.15 0.0102
121.2 0.01
121.25 0.0098
121.3 0.0097
121.35 0.0095
121.4 0.0093
121.45 0.0092
121.5 0.0091
121.55 0.0088
121.6 0.0087
121.65 0.0086
121.7 0.0084
121.75 0.0083
121.8 0.0082
121.85 0.0081
121.9 0.0078
121.95 0.0078
122 0.0077
122.05 0.0075
122.1 0.0075
122.15 0.0073
122.2 0.0072
122.25 0.0071
122.3 0.007
122.35 0.007
122.4 0.0068
122.45 0.0068
122.5 0.0067
122.55 0.0066
122.6 0.0064
122.65 0.0064
122.7 0.0063
122.75 0.0063
122.8 0.0062
122.85 0.0057
122.9 0.0052
122.95 0.0051
123 0.005
123.05 0.005
123.1 0.0049
123.15 0.0049
123.2 0.0048
123.25 0.0048
123.3 0.0047
123.35 0.0047
123.4 0.0045
123.45 0.0045
123.5 0.0044
123.55 0.0044
123.6 0.0043
123.65 0.0043
123.7 0.0042
123.75 0.0042
123.8 0.0041
123.85 0.0041
123.9 0.004
123.95 0.004
124 0.0039
124.05 0.0039
124.1 0.0038
124.15 0.0038
124.2 0.0037
124.25 0.0037
124.3 0.0037
124.35 0.0036
124.4 0.0035
124.45 0.0036
124.5 0.0035
124.55 0.0034
124.6 0.0034
124.65 0.0033
124.7 0.0034
124.75 0.0033
124.8 0.0033
124.85 0.0033
124.9 0.0032
124.95 0.0032
125 0.0031
125.05 0.0031
125.1 0.0031
125.15 0.0031
125.2 0.0031
125.25 0.003
125.3 0.003
125.35 0.0029
125.4 0.0029
125.45 0.0029
125.5 0.0028
125.55 0.0028
125.6 0.0028
125.65 0.0028
125.7 0.0027
125.75 0.0027
125.8 0.0027
125.85 0.0027
125.9 0.0027
125.95 0.0026
126 0.0026
126.05 0.0026
126.1 0.0025
126.15 0.0025
126.2 0.0025
126.25 0.0025
126.3 0.0024
126.35 0.0024
126.4 0.0024
126.45 0.0024
126.5 0.0024
126.55 0.0023
126.6 0.0023
126.65 0.0024
126.7 0.0023
126.75 0.0023
126.8 0.0022
126.85 0.0022
126.9 0.0023
126.95 0.0022
127 0.0022
127.05 0.0022
127.1 0.0021
127.15 0.0022
127.2 0.0021
127.25 0.0021
127.3 0.0021
127.35 0.002
127.4 0.002
127.45 0.0021
127.5 0.0021
127.55 0.002
127.6 0.002
127.65 0.0019
127.7 0.002
127.75 0.002
127.8 0.0019
127.85 0.0019
127.9 0.0019
127.95 0.0019
128 0.0019
128.05 0.0018
128.1 0.0019
128.15 0.0018
128.2 0.0018
128.25 0.0019
128.3 0.0018
128.35 0.0018
128.4 0.0017
128.45 0.0017
128.5 0.0017
128.55 0.0018
128.6 0.0017
128.65 0.0018
128.7 0.0017
128.75 0.0017
128.8 0.0017
128.85 0.0017
128.9 0.0017
128.95 0.0016
129 0.0017
129.05 0.0017
129.1 0.0017
129.15 0.0016
129.2 0.0016
129.25 0.0016
129.3 0.0016
129.35 0.0016
129.4 0.0016
129.45 0.0016
129.5 0.0016
129.55 0.0015
129.6 0.0015
129.65 0.0015
129.7 0.0015
129.75 0.0015
129.8 0.0015
129.85 0.0015
129.9 0.0015
129.95 0.0083
130 0.0152
