run_name grating_value[um] SAW_freq[Hz] SAW_freq_error[Hz] A[Wm^-2] A_err[Wm^-2] alpha[m^2s^-1] alpha_err[m2s-1] beta[s^0.5] beta_err[s^0.5] B[Wm^-2] B_err[Wm^-2] theta theta_err tau[s] tau_err[s] C[Wm^-2] C_err[Wm^-2]
Eurofer-HT_run_2022-06-02-9.4 um-26C_spot0-POS-1.txt 9.4 4.6051777e+08 24450.432 0.056757965 5.6796015e-05 1.6941196e-05 3.4424564e-08 4.0596942e-14 NaN 0.015326999 0.00014834777 -0.29455792 0.0098077266 1.2925273e-08 NaN -0.00063057728 1.1904584e-05
Eurofer-HT_run_2022-06-02-9.4 um-26C_spot1-POS-1.txt 9.4 4.6037899e+08 23048.09 0.059986223 0.00037481531 1.5847324e-05 6.6426881e-08 1.7789935e-08 5.148963e-07 0.0066300201 0.00015785438 -3.640227 0.01513568 2.0956137e-08 5.726152e-10 -0.00073031869 1.938456e-05
Eurofer-HT_run_2022-06-02-9.4 um-26C_spot2-POS-1.txt 9.4 4.5949498e+08 25188.32 0.057346012 0.00038523801 1.6663048e-05 6.8531263e-08 2.115468e-06 5.4506318e-07 0.0056298155 0.00013903217 1.3931913 0.015856442 2.2693619e-08 6.3263204e-10 -0.0010477619 1.6545416e-05
Eurofer-HT_run_2022-06-02-9.4 um-50C_spot0-POS-1.txt 9.4 4.554847e+08 31725.906 0.069459946 0.00037625631 1.5920037e-05 5.6746299e-08 9.4071005e-08 4.4845736e-07 0.0053183188 0.0001372551 2.6130549 0.016642408 2.4124595e-08 7.3059958e-10 -0.001707248 1.8831555e-05
Eurofer-HT_run_2022-06-02-9.4 um-50C_spot1-POS-1.txt 9.4 4.5929657e+08 20933.781 0.069602317 5.8460126e-05 1.6405255e-05 2.8787447e-08 4.1940064e-14 NaN 0.016715376 0.00013548286 -0.12175534 0.0081313371 1.4537646e-08 NaN -0.00072661759 1.2981521e-05
Eurofer-HT_run_2022-06-02-9.4 um-50C_spot2-POS-1.txt 9.4 4.5707429e+08 33482.764 0.063064938 5.6211249e-05 1.6820097e-05 3.18484e-08 3.3345807e-14 NaN 0.015271459 0.00014053221 -2.9400122 0.0091645496 1.235092e-08 NaN -0.00078939026 1.2777386e-05
Eurofer-HT_run_2022-06-02-9.4 um-100C_spot0-POS-1.txt 9.4 4.5320743e+08 23175.97 0.073339446 5.1635086e-05 1.5474271e-05 2.4745054e-08 2.2670913e-14 NaN 0.015437532 0.00011982146 -3.1814575 0.0077903711 1.4011133e-08 NaN -0.000299905 1.3431886e-05
Eurofer-HT_run_2022-06-02-9.4 um-100C_spot1-POS-1.txt 9.4 4.5516315e+08 25353.436 0.070022597 5.3219612e-05 1.5731256e-05 2.6813256e-08 3.5811154e-13 NaN 0.015543621 0.00012996142 -2.9602682 0.0084069899 1.3154855e-08 NaN -0.00094778739 1.3496916e-05
Eurofer-HT_run_2022-06-02-9.4 um-100C_spot2-POS-1.txt 9.4 4.5723497e+08 15764.331 0.074737327 5.8901778e-05 1.6170688e-05 2.6913118e-08 3.9809743e-14 NaN 0.016354955 0.00012941026 -0.088286474 0.0080027985 1.5350361e-08 NaN -0.0015039848 1.3372252e-05
Eurofer-HT_run_2022-06-02-9.4 um-150C_spot0-POS-1.txt 9.4 4.490285e+08 26015.888 0.064215347 5.438089e-05 1.4859581e-05 2.9641758e-08 2.8059922e-09 NaN 0.0065976567 0.0001276307 -2.8450872 0.012627044 2.2543862e-08 5.0966329e-10 -0.0007381861 1.5182991e-05
Eurofer-HT_run_2022-06-02-9.4 um-150C_spot1-POS-1.txt 9.4 4.5680601e+08 19730.832 0.06912725 0.00030384296 1.4817219e-05 4.6255866e-08 2.2982219e-06 3.6277961e-07 0.017133267 0.00013439702 2.4968302 0.0079032559 1.3178972e-08 NaN -0.00036532925 1.7521816e-05
Eurofer-HT_run_2022-06-02-9.4 um-150C_spot2-POS-1.txt 9.4 4.5126844e+08 18954.968 0.074152547 0.00029284046 1.4819412e-05 4.1326214e-08 1.0337366e-06 3.3082231e-07 0.014743184 0.00011228223 2.798837 0.0076750741 1.5065071e-08 NaN -0.0013699294 1.688668e-05
Eurofer-HT_run_2022-06-02-9.4 um-200C_spot0-POS-1.txt 9.4 4.4625597e+08 28972.625 0.076354606 0.00033902214 1.4194737e-05 4.6522416e-08 2.486715e-08 3.8033514e-07 0.0074603495 0.00015828776 -3.3663324 0.013515719 2.0441287e-08 4.9020893e-10 -0.0012433786 2.155849e-05
Eurofer-HT_run_2022-06-02-9.4 um-200C_spot1-POS-1.txt 9.4 4.5130441e+08 22884.452 0.060741833 5.4179463e-05 1.452176e-05 3.107383e-08 5.6999173e-10 NaN 0.0058479655 0.00011045216 2.9349636 0.012399946 2.7222622e-08 6.1852538e-10 -0.0012053541 1.5673464e-05
Eurofer-HT_run_2022-06-02-9.4 um-200C_spot2-POS-1.txt 9.4 4.4773384e+08 31976.065 0.062973592 5.2279058e-05 1.4528082e-05 2.798304e-08 4.0626265e-14 NaN 0.015492581 0.00015979763 0.11779747 0.010540045 1.2532528e-08 NaN -0.00046027206 1.4282437e-05
Eurofer-HT_run_2022-06-02-9.4 um-250C_spot0-POS-1.txt 9.4 4.4241625e+08 29117.746 0.063154056 4.8526731e-05 1.4075803e-05 2.6765467e-08 2.8031109e-11 NaN 0.015997182 0.00014692607 -2.8338877 0.0092791949 1.1712055e-08 NaN -0.0013963093 1.4882113e-05
Eurofer-HT_run_2022-06-02-9.4 um-250C_spot1-POS-1.txt 9.4 4.4572004e+08 32472.43 0.054878535 0.00032384153 1.5319164e-05 6.2078624e-08 5.613768e-08 4.9306513e-07 0.004860781 0.00012030629 -2.614186 0.016173868 2.4415756e-08 7.1622609e-10 -0.00054679869 1.7689934e-05
Eurofer-HT_run_2022-06-02-9.4 um-250C_spot2-POS-1.txt 9.4 4.4678343e+08 21455.334 0.064265496 0.00026993672 1.3984064e-05 4.5145498e-08 3.362729e-06 3.4601376e-07 0.015942845 0.00012961147 -2.6597065 0.0080954313 1.2869765e-08 NaN -0.0015660378 1.7983168e-05
Eurofer-HT_run_2022-06-02-9.4 um-300C_spot0-POS-1.txt 9.4 4.3862999e+08 28790.027 0.061508794 0.00032822051 1.3025845e-05 5.6598628e-08 1.7004322e-07 4.6714291e-07 0.0053031908 0.00013971257 -1.763026 0.017410241 2.4094435e-08 7.5373453e-10 -0.0014322437 2.5288622e-05
Eurofer-HT_run_2022-06-02-9.4 um-300C_spot1-POS-1.txt 9.4 4.3678675e+08 28317.579 0.058475615 4.6491455e-05 1.2926678e-05 2.7671018e-08 3.6862027e-13 NaN 0.014628091 0.00013481115 -2.7799075 0.0093288869 1.2852795e-08 NaN -0.001343579 1.6644221e-05
Eurofer-HT_run_2022-06-02-9.4 um-300C_spot2-POS-1.txt 9.4 4.3448267e+08 48900.257 0.054200169 0.00033614647 1.3270278e-05 6.5642832e-08 6.7993397e-08 5.4046648e-07 0.0040410002 0.00014529971 -1.3236504 0.023735681 2.3275624e-08 9.8713639e-10 5.2721721e-05 2.488558e-05
Eurofer-HT_run_2022-06-02-9.4 um-350C_spot0-POS-1.txt 9.4 4.2946768e+08 42758.413 0.060348257 5.4516913e-05 1.2900869e-05 3.1398003e-08 1.8444526e-09 NaN 0.0047082082 0.00013967189 -2.7892 0.019181661 2.3155378e-08 7.9639462e-10 -0.00087173871 1.9542443e-05
Eurofer-HT_run_2022-06-02-9.4 um-350C_spot1-POS-1.txt 9.4 4.3127481e+08 40048.089 0.063174829 4.7325748e-05 1.2794861e-05 2.6043923e-08 1.3291858e-12 NaN 0.017575181 0.00017651789 -2.7828023 0.010188712 1.0510007e-08 NaN -0.0007082339 1.7226146e-05
Eurofer-HT_run_2022-06-02-9.4 um-350C_spot2-POS-1.txt 9.4 4.3378303e+08 27978.005 0.076042341 0.00027336515 1.2333794e-05 3.811149e-08 9.7178363e-07 3.1872908e-07 0.020216341 0.00016064999 -2.8091535 0.0079292315 1.1737008e-08 NaN -0.001251557 2.3355085e-05
Eurofer-HT_run_2022-06-02-9.4 um-400C_spot0-POS-1.txt 9.4 4.2789525e+08 33346.076 0.065316693 0.00025475736 1.19355e-05 4.1724113e-08 1.9074819e-06 3.4586186e-07 0.014501262 0.00013860353 -2.4314473 0.0095847653 1.2801777e-08 NaN -0.0011690648 2.3400298e-05
Eurofer-HT_run_2022-06-02-9.4 um-400C_spot1-POS-1.txt 9.4 4.2533818e+08 36684.576 0.064807281 0.0002634602 1.1845393e-05 4.3287777e-08 5.4381976e-07 3.6688925e-07 0.017754367 0.0001667883 -2.4029543 0.0093610575 1.1325137e-08 NaN -0.0012063807 2.4597507e-05
Eurofer-HT_run_2022-06-02-9.4 um-400C_spot2-POS-1.txt 9.4 4.2756879e+08 33219.045 0.068589322 4.4840026e-05 1.2007888e-05 2.2854017e-08 2.5774523e-14 NaN 0.018439836 0.00015913438 -2.7085283 0.0086851091 1.1376805e-08 NaN -0.0011221196 1.8433261e-05