run_name grating_value[um] SAW_freq[Hz] SAW_freq_error[Hz] A[Wm^-2] A_err[Wm^-2] alpha[m^2s^-1] alpha_err[m2s-1] beta[s^0.5] beta_err[s^0.5] B[Wm^-2] B_err[Wm^-2] theta theta_err tau[s] tau_err[s] C[Wm^-2] C_err[Wm^-2]
Eurofer-HT_run_2022-06-02-9.4 um-26C_spot0-POS-1.txt 6.4565 4.6051777e+08 24450.364 0.05675807 5.6816709e-05 7.9925404e-06 1.6251081e-08 4.0574571e-14 NaN 0.015327255 0.00014834976 -0.29456102 0.0098076907 1.2925141e-08 NaN -0.00063055533 1.1898906e-05
Eurofer-HT_run_2022-06-02-9.4 um-26C_spot1-POS-1.txt 6.4565 4.60379e+08 23047.908 0.059912562 5.8713112e-05 7.4589557e-06 1.635286e-08 1.3880892e-08 NaN 0.0061975615 0.00011881267 -3.2182353 0.012441554 2.5569931e-08 5.8790673e-10 -0.00073777703 1.4791951e-05
Eurofer-HT_run_2022-06-02-9.4 um-26C_spot2-POS-1.txt 6.4565 4.59495e+08 25188.124 0.05660714 0.00034220652 7.8118769e-06 2.891653e-08 9.7720965e-07 4.9827674e-07 0.016025624 0.00015128181 1.6542686 0.0095008369 1.2101601e-08 NaN -0.0010645383 1.4856426e-05
Eurofer-HT_run_2022-06-02-9.4 um-50C_spot0-POS-1.txt 6.4565 4.5548473e+08 31725.709 0.069180399 5.3165105e-05 7.4647967e-06 1.2760765e-08 4.8272883e-13 NaN 0.019543565 0.00016187413 2.870121 0.0084048762 1.0874481e-08 NaN -0.0017375539 1.3259461e-05
Eurofer-HT_run_2022-06-02-9.4 um-50C_spot1-POS-1.txt 6.4565 4.5929659e+08 20933.585 0.069602372 5.8481843e-05 7.7396715e-06 1.3589866e-08 4.193366e-14 NaN 0.016715441 0.00013548327 -0.12175707 0.0081313274 1.453761e-08 NaN -0.00072660508 1.2974967e-05
Eurofer-HT_run_2022-06-02-9.4 um-50C_spot2-POS-1.txt 6.4565 4.5707433e+08 33482.421 0.063062031 5.6245549e-05 7.9348298e-06 1.5038851e-08 2.61761e-14 NaN 0.015569003 0.00014414429 -2.9405469 0.0092191532 1.2078464e-08 NaN -0.00078964287 1.2775862e-05
Eurofer-HT_run_2022-06-02-9.4 um-100C_spot0-POS-1.txt 6.4565 4.5320745e+08 23175.823 0.073470884 5.3536798e-05 7.3182185e-06 1.208837e-08 1.1795566e-10 NaN 0.0093549319 0.00013468471 -3.1221579 0.0093458412 2.0204547e-08 3.3176836e-10 -0.00028034592 1.3854392e-05
Eurofer-HT_run_2022-06-02-9.4 um-100C_spot1-POS-1.txt 6.4565 4.5516317e+08 25353.288 0.070022984 5.3237939e-05 7.4217504e-06 1.2657287e-08 4.1805565e-14 NaN 0.015494752 0.00012961308 -2.9592549 0.0084112423 1.3186927e-08 NaN -0.0009477366 1.3489157e-05
Eurofer-HT_run_2022-06-02-9.4 um-100C_spot2-POS-1.txt 6.4565 4.5723498e+08 15764.249 0.074737486 5.8924205e-05 7.6290354e-06 1.2705075e-08 3.9807027e-14 NaN 0.016356768 0.00012942179 -0.088301307 0.0080026244 1.5349183e-08 NaN -0.0015039481 1.3365274e-05
Eurofer-HT_run_2022-06-02-9.4 um-150C_spot0-POS-1.txt 6.4565 4.4902853e+08 26015.703 0.064072651 5.1383321e-05 6.9838329e-06 1.3241058e-08 2.8822336e-10 NaN 0.014115329 0.00013291818 -2.9705307 0.0094574394 1.3021188e-08 NaN -0.00075718141 1.4427309e-05
Eurofer-HT_run_2022-06-02-9.4 um-150C_spot1-POS-1.txt 6.4565 4.5680602e+08 19730.718 0.068019629 0.00038000862 6.9479624e-06 2.7553029e-08 6.8721336e-07 4.7068898e-07 0.0062364165 0.00015519486 2.0152454 0.015845384 2.29213e-08 6.5787157e-10 -0.0003824063 2.217689e-05
Eurofer-HT_run_2022-06-02-9.4 um-150C_spot2-POS-1.txt 6.4565 4.5126846e+08 18954.857 0.07415361 0.00029300052 6.9914388e-06 1.9515833e-08 1.0361508e-06 3.3093646e-07 0.014866488 0.0001129387 2.7969431 0.0076555777 1.4981669e-08 NaN -0.0013699894 1.6875977e-05
Eurofer-HT_run_2022-06-02-9.4 um-200C_spot0-POS-1.txt 6.4565 4.4625601e+08 28972.409 0.076333079 0.00033289822 6.7011041e-06 2.1569213e-08 1.6058065e-08 3.7344292e-07 0.0069525457 0.00013714334 -3.2093878 0.012706711 2.3386808e-08 5.3804685e-10 -0.0012481151 2.1119145e-05
Eurofer-HT_run_2022-06-02-9.4 um-200C_spot1-POS-1.txt 6.4565 4.5130443e+08 22884.321 0.060553289 4.8937206e-05 6.8117396e-06 1.3279469e-08 1.3160395e-10 NaN 0.014457417 0.00012078929 2.7250708 0.0084267449 1.3898203e-08 NaN -0.0012323367 1.4285958e-05
Eurofer-HT_run_2022-06-02-9.4 um-200C_spot2-POS-1.txt 6.4565 4.4773388e+08 31975.832 0.06297378 5.2301284e-05 6.8541109e-06 1.3210043e-08 4.0588407e-14 NaN 0.015492317 0.00015979514 0.11779452 0.010540054 1.2532677e-08 NaN -0.00046021207 1.4273292e-05
Eurofer-HT_run_2022-06-02-9.4 um-250C_spot0-POS-1.txt 6.4565 4.4241629e+08 29117.566 0.063141109 4.8571481e-05 6.6382283e-06 1.2643162e-08 6.6877542e-11 NaN 0.017988504 0.0001607486 -2.8556789 0.0090223807 1.0875385e-08 NaN -0.0013981024 1.4888575e-05
Eurofer-HT_run_2022-06-02-9.4 um-250C_spot1-POS-1.txt 6.4565 4.4572007e+08 32472.234 0.054880245 0.00031825291 7.2277619e-06 2.8794062e-08 8.8921567e-08 4.8430094e-07 0.0056781029 0.0001289217 -2.618292 0.014795464 2.2076277e-08 5.8250718e-10 -0.00054708551 1.7358632e-05
Eurofer-HT_run_2022-06-02-9.4 um-250C_spot2-POS-1.txt 6.4565 4.4678346e+08 21455.209 0.064266715 0.0002700742 6.5974582e-06 2.1318134e-08 3.3644469e-06 3.4611161e-07 0.015961983 0.0001297038 -2.6599302 0.0080913535 1.2861741e-08 NaN -0.0015659967 1.7969149e-05
Eurofer-HT_run_2022-06-02-9.4 um-300C_spot0-POS-1.txt 6.4565 4.3863004e+08 28789.823 0.061678635 0.00026565346 6.1300385e-06 2.1597595e-08 7.0101205e-07 3.7515731e-07 0.017471966 0.00015672468 -2.4776938 0.0089621122 1.1285774e-08 NaN -0.0014500911 2.0525654e-05
Eurofer-HT_run_2022-06-02-9.4 um-300C_spot1-POS-1.txt 6.4565 4.3678678e+08 28317.425 0.05847568 4.6512477e-05 6.098563e-06 1.3062124e-08 3.3081159e-13 NaN 0.014627647 0.00013480846 -2.7799046 0.0093289809 1.2853023e-08 NaN -0.0013435476 1.663143e-05
Eurofer-HT_run_2022-06-02-9.4 um-300C_spot2-POS-1.txt 6.4565 4.3448276e+08 48899.887 0.053937014 4.8409175e-05 6.2084484e-06 1.4768606e-08 2.2594472e-14 NaN 0.019330883 0.00020997722 -2.2463386 0.010938741 9.0965345e-09 NaN 1.621088e-05 1.6817474e-05
Eurofer-HT_run_2022-06-02-9.4 um-350C_spot0-POS-1.txt 6.4565 4.2946777e+08 42758.067 0.060170985 4.879358e-05 6.0516067e-06 1.3300069e-08 6.363755e-12 NaN 0.017130929 0.00018253296 -2.7174881 0.010791473 1.0474036e-08 NaN -0.00090229416 1.7653941e-05
Eurofer-HT_run_2022-06-02-9.4 um-350C_spot1-POS-1.txt 6.4565 4.3127488e+08 40047.786 0.06317535 4.7346459e-05 6.0364271e-06 1.2293665e-08 4.8358935e-10 NaN 0.017665016 0.00017625157 -2.7880193 0.010118031 1.0523743e-08 NaN -0.00070814605 1.7211977e-05
Eurofer-HT_run_2022-06-02-9.4 um-350C_spot2-POS-1.txt 6.4565 4.3378309e+08 27977.786 0.076032338 0.00027347892 5.818407e-06 1.7995887e-08 9.6211639e-07 3.1887607e-07 0.020149825 0.00016024933 -2.8085403 0.0079359131 1.1761145e-08 NaN -0.0012519505 2.3334087e-05
Eurofer-HT_run_2022-06-02-9.4 um-400C_spot0-POS-1.txt 6.4565 4.2789535e+08 33345.762 0.065753917 0.00025564648 5.6563403e-06 1.9659131e-08 2.5391198e-06 3.4181173e-07 0.018028117 0.00016686048 -2.4705771 0.0092597072 1.0937727e-08 NaN -0.0011481174 2.3203438e-05
Eurofer-HT_run_2022-06-02-9.4 um-400C_spot1-POS-1.txt 6.4565 4.2533829e+08 36684.224 0.065136295 0.00026454353 5.609812e-06 2.0434888e-08 1.0052822e-06 3.6415475e-07 0.017206716 0.00016642728 -2.3890827 0.0096468745 1.1347162e-08 NaN -0.0011871873 2.4453564e-05
Eurofer-HT_run_2022-06-02-9.4 um-400C_spot2-POS-1.txt 6.4565 4.2756888e+08 33218.72 0.068602623 4.4878385e-05 5.6673184e-06 1.0789876e-08 1.4520164e-09 NaN 0.016339638 0.00014310981 -2.6825778 0.0088237324 1.2443387e-08 NaN -0.0011195226 1.8411338e-05