0.0 0.0 7.0600000000000005 0.051300000000000005
0.25 0.0 7.26 0.0631
0.5 0.0 7.38 0.048499999999999995
0.75 0.0 7.27 0.123
1.0 0.0 7.1899999999999995 0.196
1.25 0.0 nan nan
1.5 0.0 nan nan
1.75 0.0 nan nan
2.0 0.0 nan nan
2.25 0.0 nan nan
2.5 0.0 nan nan
2.75 0.0 nan nan
3.0 0.0 nan nan
3.25 0.0 nan nan
3.5 0.0 nan nan
3.75 0.0 nan nan
4.0 0.0 nan nan
4.25 0.0 nan nan
4.5 0.0 nan nan
4.75 0.0 nan nan
5.0 0.0 nan nan
5.25 0.0 nan nan
5.5 0.0 7.16 0.0659
5.75 0.0 7.05 0.0836
6.0 0.0 7.41 0.203
6.25 0.0 7.01 0.16
6.5 0.0 7.0600000000000005 0.105
6.75 0.0 7.4 0.118
7.0 0.0 7.15 0.08839999999999999
7.25 0.0 7.4 0.07179999999999999
7.5 0.0 7.130000000000001 0.19999999999999998
7.75 0.0 7.720000000000001 0.09150000000000001
8.0 0.0 7.59 0.166
8.25 0.0 7.659999999999999 0.027299999999999998
8.5 0.0 8.26 0.951
8.75 0.0 8.08 0.687
9.0 0.0 7.17 0.017599999999999998
9.25 0.0 7.43 0.0214
9.5 0.0 7.49 0.0192
9.75 0.0 7.1 0.022799999999999997
10.0 0.0 7.54 0.0169
10.25 0.0 7.21 0.0166
10.5 0.0 7.52 0.0509
10.75 0.0 7.35 0.0265
11.0 0.0 7.1 0.0159
11.25 0.0 7.29 0.0173
11.5 0.0 7.45 0.019799999999999998
11.75 0.0 7.62 0.0281
12.0 0.0 7.4 0.025699999999999997
12.25 0.0 7.52 0.046900000000000004
12.5 0.0 7.6499999999999995 0.0201
12.75 0.0 7.829999999999999 0.074
13.0 0.0 7.300000000000001 0.0231
0.0 0.15000000000000013 6.64 0.025699999999999997
0.25 0.15000000000000013 7.05 0.015
0.5 0.15000000000000013 6.97 0.0144
0.75 0.15000000000000013 6.8 0.0216
1.0 0.15000000000000013 7.21 0.12100000000000001
1.25 0.15000000000000013 nan nan
1.5 0.15000000000000013 nan nan
1.75 0.15000000000000013 nan 7.52
2.0 0.15000000000000013 nan nan
2.25 0.15000000000000013 nan nan
2.5 0.15000000000000013 nan nan
2.75 0.15000000000000013 nan 1.03
3.0 0.15000000000000013 6.93 0.030500000000000003
3.25 0.15000000000000013 6.76 0.109
3.5 0.15000000000000013 9.71 0.34900000000000003
3.75 0.15000000000000013 nan nan
4.0 0.15000000000000013 nan nan
4.25 0.15000000000000013 nan nan
4.5 0.15000000000000013 7.45 0.0502
4.75 0.15000000000000013 6.79 0.113
5.0 0.15000000000000013 7.04 0.134
5.25 0.15000000000000013 7.140000000000001 0.0753
5.5 0.15000000000000013 7.279999999999999 0.108
5.75 0.15000000000000013 7.220000000000001 0.0583
6.0 0.15000000000000013 7.17 0.04
6.25 0.15000000000000013 7.16 0.0541
6.5 0.15000000000000013 7.48 0.0771
6.75 0.15000000000000013 7.64 0.0347
7.0 0.15000000000000013 7.43 0.0433
7.25 0.15000000000000013 7.4399999999999995 0.0382
7.5 0.15000000000000013 7.279999999999999 0.0501
7.75 0.15000000000000013 7.920000000000001 0.0768
8.0 0.15000000000000013 7.63 0.08889999999999999
8.25 0.15000000000000013 7.55 0.051399999999999994
8.5 0.15000000000000013 7.7700000000000005 0.0364
8.75 0.15000000000000013 7.51 0.11
9.0 0.15000000000000013 7.07 0.0232
9.25 0.15000000000000013 6.9 0.0251
9.5 0.15000000000000013 7.300000000000001 0.017900000000000003
9.75 0.15000000000000013 7.35 0.0161
10.0 0.15000000000000013 7.09 0.0223
10.25 0.15000000000000013 6.97 0.016499999999999997
10.5 0.15000000000000013 7.119999999999999 0.0146
10.75 0.15000000000000013 7.04 0.0166
11.0 0.15000000000000013 7.23 0.0171
11.25 0.15000000000000013 7.33 0.0244
11.5 0.15000000000000013 7.130000000000001 0.0254
11.75 0.15000000000000013 7.390000000000001 0.0233
12.0 0.15000000000000013 6.75 0.0267
12.25 0.15000000000000013 7.390000000000001 0.031
12.5 0.15000000000000013 7.390000000000001 0.017900000000000003
12.75 0.15000000000000013 7.47 0.0362
13.0 0.15000000000000013 7.55 0.0119
0.0 0.30000000000000027 7.26 0.0537
0.25 0.30000000000000027 6.61 0.0227
0.5 0.30000000000000027 6.88 0.015399999999999999
0.75 0.30000000000000027 7.01 0.0145
1.0 0.30000000000000027 7.04 0.315
1.25 0.30000000000000027 7.33 0.0501
1.5 0.30000000000000027 nan 0.5740000000000001
1.75 0.30000000000000027 nan nan
2.0 0.30000000000000027 nan nan
2.25 0.30000000000000027 7.24 0.153
2.5 0.30000000000000027 6.98 0.196
2.75 0.30000000000000027 6.8 0.0256
3.0 0.30000000000000027 6.91 0.0195
3.25 0.30000000000000027 6.71 0.0265
3.5 0.30000000000000027 6.79 0.0999
3.75 0.30000000000000027 7.02 0.217
4.0 0.30000000000000027 7.05 0.16
4.25 0.30000000000000027 7.21 0.136
4.5 0.30000000000000027 6.62 0.0816
4.75 0.30000000000000027 7.21 0.0963
5.0 0.30000000000000027 7.1899999999999995 0.048499999999999995
5.25 0.30000000000000027 7.32 0.12200000000000001
5.5 0.30000000000000027 7.53 0.186
5.75 0.30000000000000027 7.119999999999999 0.09419999999999999
6.0 0.30000000000000027 7.5 0.08070000000000001
6.25 0.30000000000000027 6.95 0.0728
6.5 0.30000000000000027 7.119999999999999 0.07919999999999999
6.75 0.30000000000000027 7.279999999999999 0.13899999999999998
7.0 0.30000000000000027 7.45 0.065
7.25 0.30000000000000027 7.59 0.0676
7.5 0.30000000000000027 7.58 0.06899999999999999
7.75 0.30000000000000027 7.61 0.0854
8.0 0.30000000000000027 7.55 0.043000000000000003
8.25 0.30000000000000027 7.47 0.09609999999999999
8.5 0.30000000000000027 7.45 0.035899999999999994
8.75 0.30000000000000027 7.29 0.021500000000000002
9.0 0.30000000000000027 7.0 0.129
9.25 0.30000000000000027 7.33 0.0245
9.5 0.30000000000000027 7.25 0.0182
9.75 0.30000000000000027 7.0600000000000005 0.0133
10.0 0.30000000000000027 6.6499999999999995 0.0174
10.25 0.30000000000000027 7.390000000000001 0.038000000000000006
10.5 0.30000000000000027 7.25 0.026000000000000002
10.75 0.30000000000000027 7.199999999999999 0.0217
11.0 0.30000000000000027 7.0600000000000005 0.0237
11.25 0.30000000000000027 7.130000000000001 0.0189
11.5 0.30000000000000027 7.15 0.0222
11.75 0.30000000000000027 7.26 0.17700000000000002
12.0 0.30000000000000027 7.26 0.0467
12.25 0.30000000000000027 7.0600000000000005 0.0247
12.5 0.30000000000000027 7.199999999999999 0.011
12.75 0.30000000000000027 7.029999999999999 0.015
13.0 0.30000000000000027 7.42 0.023
0.0 0.4500000000000004 6.510000000000001 0.201
0.25 0.4500000000000004 7.01 0.202
0.5 0.4500000000000004 7.09 0.061399999999999996
0.75 0.4500000000000004 6.99 0.0764
1.0 0.4500000000000004 6.569999999999999 0.08850000000000001
1.25 0.4500000000000004 6.9 0.0124
1.5 0.4500000000000004 6.72 0.019000000000000003
1.75 0.4500000000000004 7.29 0.0562
2.0 0.4500000000000004 6.86 0.0795
2.25 0.4500000000000004 7.33 0.173
2.5 0.4500000000000004 7.08 0.0254
2.75 0.4500000000000004 7.09 0.0909
3.0 0.4500000000000004 7.15 0.0283
3.25 0.4500000000000004 7.04 0.025300000000000003
3.5 0.4500000000000004 7.08 0.0235
3.75 0.4500000000000004 7.1 0.0192
4.0 0.4500000000000004 7.25 0.0875
4.25 0.4500000000000004 7.119999999999999 0.286
4.5 0.4500000000000004 7.35 0.0347
4.75 0.4500000000000004 7.55 0.108
5.0 0.4500000000000004 7.720000000000001 0.08710000000000001
5.25 0.4500000000000004 7.710000000000001 0.26
5.5 0.4500000000000004 7.49 0.06459999999999999
5.75 0.4500000000000004 7.52 0.0477
6.0 0.4500000000000004 7.51 0.0785
6.25 0.4500000000000004 7.32 0.0434
6.5 0.4500000000000004 7.659999999999999 0.0663
6.75 0.4500000000000004 7.53 0.0591
7.0 0.4500000000000004 7.32 0.053
7.25 0.4500000000000004 7.51 0.0986
7.5 0.4500000000000004 7.61 0.0573
7.75 0.4500000000000004 7.0 0.0117
8.0 0.4500000000000004 7.58 0.0266
8.25 0.4500000000000004 6.99 0.0148
8.5 0.4500000000000004 7.59 0.102
8.75 0.4500000000000004 7.390000000000001 0.0248
9.0 0.4500000000000004 7.47 0.0206
9.25 0.4500000000000004 7.140000000000001 0.030699999999999998
9.5 0.4500000000000004 7.0 0.159
9.75 0.4500000000000004 7.35 0.0348
10.0 0.4500000000000004 7.33 0.0144
10.25 0.4500000000000004 7.18 0.0212
10.5 0.4500000000000004 7.29 0.0265
10.75 0.4500000000000004 7.33 0.0277
11.0 0.4500000000000004 6.88 0.0526
11.25 0.4500000000000004 7.38 0.062099999999999995
11.5 0.4500000000000004 7.05 0.022099999999999998
11.75 0.4500000000000004 7.42 0.00997
12.0 0.4500000000000004 7.029999999999999 0.15200000000000002
12.25 0.4500000000000004 7.359999999999999 0.0211
12.5 0.4500000000000004 7.27 0.017599999999999998
12.75 0.4500000000000004 6.93 0.0212
13.0 0.4500000000000004 7.18 0.0182
0.0 0.6000000000000005 6.31 0.0719
0.25 0.6000000000000005 6.15 0.118
0.5 0.6000000000000005 6.7 0.0143
0.75 0.6000000000000005 7.02 0.218
1.0 0.6000000000000005 6.9 0.0641
1.25 0.6000000000000005 7.07 0.07740000000000001
1.5 0.6000000000000005 7.04 0.0361
1.75 0.6000000000000005 6.92 0.116
2.0 0.6000000000000005 6.96 0.0155
2.25 0.6000000000000005 6.63 0.13699999999999998
2.5 0.6000000000000005 6.99 0.0977
2.75 0.6000000000000005 6.83 0.014
3.0 0.6000000000000005 6.76 0.111
3.25 0.6000000000000005 7.119999999999999 0.33099999999999996
3.5 0.6000000000000005 6.84 0.09469999999999999
3.75 0.6000000000000005 7.16 0.0354
4.0 0.6000000000000005 7.279999999999999 0.0175
4.25 0.6000000000000005 7.33 0.04
4.5 0.6000000000000005 7.62 0.0122
4.75 0.6000000000000005 7.9 0.16999999999999998
5.0 0.6000000000000005 7.659999999999999 0.0325
5.25 0.6000000000000005 7.33 0.151
5.5 0.6000000000000005 7.53 0.0408
5.75 0.6000000000000005 7.920000000000001 0.038799999999999994
6.0 0.6000000000000005 7.61 0.058
6.25 0.6000000000000005 7.829999999999999 0.0835
6.5 0.6000000000000005 7.48 0.27099999999999996
6.75 0.6000000000000005 7.73 0.035100000000000006
7.0 0.6000000000000005 7.27 0.145
7.25 0.6000000000000005 7.91 0.18
7.5 0.6000000000000005 7.68 0.128
7.75 0.6000000000000005 7.4 0.0178
8.0 0.6000000000000005 7.27 0.023899999999999998
8.25 0.6000000000000005 7.34 0.0106
8.5 0.6000000000000005 7.029999999999999 0.0227
8.75 0.6000000000000005 7.1899999999999995 0.010499999999999999
9.0 0.6000000000000005 7.01 0.0254
9.25 0.6000000000000005 7.1 0.025300000000000003
9.5 0.6000000000000005 7.1 0.0373
9.75 0.6000000000000005 7.130000000000001 0.020999999999999998
10.0 0.6000000000000005 7.1899999999999995 0.0169
10.25 0.6000000000000005 6.84 0.0155
10.5 0.6000000000000005 7.0600000000000005 0.012299999999999998
10.75 0.6000000000000005 7.0600000000000005 0.030799999999999998
11.0 0.6000000000000005 6.91 0.0116
11.25 0.6000000000000005 7.109999999999999 0.0262
11.5 0.6000000000000005 7.16 0.0251
11.75 0.6000000000000005 7.01 0.0127
12.0 0.6000000000000005 7.27 0.0259
12.25 0.6000000000000005 7.119999999999999 0.0136
12.5 0.6000000000000005 7.0 0.0225
12.75 0.6000000000000005 7.220000000000001 0.0393
13.0 0.6000000000000005 7.0600000000000005 0.0182
0.0 0.7500000000000007 6.83 0.34900000000000003
0.25 0.7500000000000007 6.37 0.0181
0.5 0.7500000000000007 6.2700000000000005 0.09999999999999999
0.75 0.7500000000000007 6.22 0.303
1.0 0.7500000000000007 6.87 0.06709999999999999
1.25 0.7500000000000007 6.56 0.108
1.5 0.7500000000000007 6.58 0.0509
1.75 0.7500000000000007 6.59 0.527
2.0 0.7500000000000007 6.53 0.0745
2.25 0.7500000000000007 6.83 0.0193
2.5 0.7500000000000007 6.91 0.44
2.75 0.7500000000000007 6.64 0.0369
3.0 0.7500000000000007 6.22 0.07490000000000001
3.25 0.7500000000000007 6.430000000000001 0.0643
3.5 0.7500000000000007 6.6499999999999995 0.0132
3.75 0.7500000000000007 6.81 0.0493
4.0 0.7500000000000007 7.37 0.0213
4.25 0.7500000000000007 7.52 0.0501
4.5 0.7500000000000007 7.47 0.11
4.75 0.7500000000000007 7.61 0.0453
5.0 0.7500000000000007 7.16 0.0523
5.25 0.7500000000000007 7.4 0.019700000000000002
5.5 0.7500000000000007 7.1899999999999995 0.0714
5.75 0.7500000000000007 7.669999999999999 0.0755
6.0 0.7500000000000007 7.73 0.0335
6.25 0.7500000000000007 7.91 0.35400000000000004
6.5 0.7500000000000007 7.61 0.045599999999999995
6.75 0.7500000000000007 7.55 0.389
7.0 0.7500000000000007 7.58 0.117
7.25 0.7500000000000007 7.720000000000001 0.0703
7.5 0.7500000000000007 7.53 0.0407
7.75 0.7500000000000007 7.54 0.018600000000000002
8.0 0.7500000000000007 7.21 0.015
8.25 0.7500000000000007 7.48 0.058
8.5 0.7500000000000007 7.390000000000001 0.0528
8.75 0.7500000000000007 7.140000000000001 0.101
9.0 0.7500000000000007 7.4 0.0853
9.25 0.7500000000000007 6.9399999999999995 0.16899999999999998
9.5 0.7500000000000007 6.96 0.091
9.75 0.7500000000000007 7.1899999999999995 0.0254
10.0 0.7500000000000007 7.1899999999999995 0.0248
10.25 0.7500000000000007 7.05 0.0795
10.5 0.7500000000000007 7.0600000000000005 0.0143
10.75 0.7500000000000007 7.029999999999999 0.015399999999999999
11.0 0.7500000000000007 6.82 0.0155
11.25 0.7500000000000007 7.18 0.0172
11.5 0.7500000000000007 7.16 0.033600000000000005
11.75 0.7500000000000007 6.92 0.0458
12.0 0.7500000000000007 7.15 0.019700000000000002
12.25 0.7500000000000007 6.89 0.0236
12.5 0.7500000000000007 6.96 0.0174
12.75 0.7500000000000007 7.1 0.0428
13.0 0.7500000000000007 7.029999999999999 0.0993
0.0 0.9000000000000008 6.22 0.397
0.25 0.9000000000000008 5.84 0.09999999999999999
0.5 0.9000000000000008 5.87 0.018600000000000002
0.75 0.9000000000000008 6.7700000000000005 0.298
1.0 0.9000000000000008 6.84 0.0608
1.25 0.9000000000000008 6.42 0.136
1.5 0.9000000000000008 6.18 0.0673
1.75 0.9000000000000008 6.33 0.309
2.0 0.9000000000000008 6.54 0.28700000000000003
2.25 0.9000000000000008 6.2 0.0137
2.5 0.9000000000000008 6.28 0.054900000000000004
2.75 0.9000000000000008 6.17 0.0122
3.0 0.9000000000000008 6.569999999999999 0.0146
3.25 0.9000000000000008 6.5200000000000005 0.317
3.5 0.9000000000000008 6.58 0.0824
3.75 0.9000000000000008 6.76 0.0741
4.0 0.9000000000000008 7.04 0.0547
4.25 0.9000000000000008 7.26 0.162
4.5 0.9000000000000008 7.119999999999999 0.08320000000000001
4.75 0.9000000000000008 6.96 0.13
5.0 0.9000000000000008 7.29 0.09960000000000001
5.25 0.9000000000000008 6.98 0.0325
5.5 0.9000000000000008 7.09 0.016800000000000002
5.75 0.9000000000000008 6.86 0.059800000000000006
6.0 0.9000000000000008 7.15 0.222
6.25 0.9000000000000008 7.140000000000001 0.045
6.5 0.9000000000000008 7.1 0.0285
6.75 0.9000000000000008 7.5 0.142
7.0 0.9000000000000008 7.819999999999999 0.102
7.25 0.9000000000000008 7.56 0.023
7.5 0.9000000000000008 7.62 0.0234
7.75 0.9000000000000008 7.3100000000000005 0.062299999999999994
8.0 0.9000000000000008 7.48 0.0201
8.25 0.9000000000000008 6.98 0.11499999999999999
8.5 0.9000000000000008 7.15 0.018
8.75 0.9000000000000008 6.83 0.0829
9.0 0.9000000000000008 6.99 0.0315
9.25 0.9000000000000008 7.109999999999999 0.0254
9.5 0.9000000000000008 6.9399999999999995 0.0509
9.75 0.9000000000000008 7.130000000000001 0.088
10.0 0.9000000000000008 7.02 0.36100000000000004
10.25 0.9000000000000008 6.95 0.0241
10.5 0.9000000000000008 7.0 0.0219
10.75 0.9000000000000008 6.86 0.0169
11.0 0.9000000000000008 7.15 0.09169999999999999
11.25 0.9000000000000008 6.93 0.0245
11.5 0.9000000000000008 7.02 0.063
11.75 0.9000000000000008 7.07 0.0953
12.0 0.9000000000000008 6.96 0.38299999999999995
12.25 0.9000000000000008 6.91 0.0199
12.5 0.9000000000000008 6.93 0.0193
12.75 0.9000000000000008 7.08 0.0169
13.0 0.9000000000000008 7.16 0.0953
0.0 1.050000000000001 6.489999999999999 0.51
0.25 1.050000000000001 7.05 0.626
0.5 1.050000000000001 5.85 0.16899999999999998
0.75 1.050000000000001 7.55 0.731
1.0 1.050000000000001 6.2700000000000005 0.375
1.25 1.050000000000001 6.62 0.6729999999999999
1.5 1.050000000000001 6.07 0.329
1.75 1.050000000000001 6.14 0.25
2.0 1.050000000000001 6.62 0.479
2.25 1.050000000000001 6.3999999999999995 0.325
2.5 1.050000000000001 6.18 0.012
2.75 1.050000000000001 6.39 0.615
3.0 1.050000000000001 6.489999999999999 0.0816
3.25 1.050000000000001 6.569999999999999 0.0144
3.5 1.050000000000001 6.409999999999999 0.0648
3.75 1.050000000000001 6.39 0.164
4.0 1.050000000000001 6.89 0.018600000000000002
4.25 1.050000000000001 6.92 0.0969
4.5 1.050000000000001 7.6 0.022799999999999997
4.75 1.050000000000001 7.32 0.176
5.0 1.050000000000001 7.38 0.34400000000000003
5.25 1.050000000000001 6.86 0.0138
5.5 1.050000000000001 6.95 0.15200000000000002
5.75 1.050000000000001 6.8 0.0174
6.0 1.050000000000001 7.119999999999999 0.050699999999999995
6.25 1.050000000000001 7.130000000000001 0.13199999999999998
6.5 1.050000000000001 6.98 0.0908
6.75 1.050000000000001 7.46 0.238
7.0 1.050000000000001 8.07 0.119
7.25 1.050000000000001 7.669999999999999 0.07350000000000001
7.5 1.050000000000001 7.54 0.0375
7.75 1.050000000000001 7.63 0.0688
8.0 1.050000000000001 7.29 0.198
8.25 1.050000000000001 7.23 0.156
8.5 1.050000000000001 7.23 0.0222
8.75 1.050000000000001 7.04 0.0696
9.0 1.050000000000001 6.7700000000000005 0.022799999999999997
9.25 1.050000000000001 6.87 0.0124
9.5 1.050000000000001 6.81 0.016499999999999997
9.75 1.050000000000001 6.75 0.0119
10.0 1.050000000000001 6.91 0.0629
10.25 1.050000000000001 6.7700000000000005 0.0177
10.5 1.050000000000001 6.7700000000000005 0.28700000000000003
10.75 1.050000000000001 6.87 0.0217
11.0 1.050000000000001 6.6499999999999995 0.0181
11.25 1.050000000000001 6.7700000000000005 0.0111
11.5 1.050000000000001 6.7700000000000005 0.443
11.75 1.050000000000001 6.92 0.0627
12.0 1.050000000000001 7.0600000000000005 0.136
12.25 1.050000000000001 6.86 0.057
12.5 1.050000000000001 6.6000000000000005 0.018299999999999997
12.75 1.050000000000001 6.82 0.012299999999999998
13.0 1.050000000000001 6.93 0.026799999999999997
0.0 1.200000000000001 5.890000000000001 0.24200000000000002
0.25 1.200000000000001 6.15 0.27799999999999997
0.5 1.200000000000001 6.03 0.592
0.75 1.200000000000001 6.47 0.8320000000000001
1.0 1.200000000000001 7.220000000000001 0.13699999999999998
1.25 1.200000000000001 5.88 0.009349999999999999
1.5 1.200000000000001 6.489999999999999 0.586
1.75 1.200000000000001 6.24 0.561
2.0 1.200000000000001 6.319999999999999 0.692
2.25 1.200000000000001 5.88 0.01
2.5 1.200000000000001 6.54 0.267
2.75 1.200000000000001 6.05 0.125
3.0 1.200000000000001 5.96 0.088
3.25 1.200000000000001 6.53 0.118
3.5 1.200000000000001 6.36 0.154
3.75 1.200000000000001 6.83 0.508
4.0 1.200000000000001 6.92 0.256
4.25 1.200000000000001 6.83 0.151
4.5 1.200000000000001 7.220000000000001 0.312
4.75 1.200000000000001 7.1 0.0997
5.0 1.200000000000001 6.96 0.313
5.25 1.200000000000001 6.99 0.117
5.5 1.200000000000001 6.84 0.283
5.75 1.200000000000001 7.199999999999999 0.0524
6.0 1.200000000000001 7.119999999999999 0.018
6.25 1.200000000000001 7.15 0.0545
6.5 1.200000000000001 6.87 0.0217
6.75 1.200000000000001 7.25 0.16299999999999998
7.0 1.200000000000001 7.59 0.15
7.25 1.200000000000001 7.4 0.0517
7.5 1.200000000000001 7.84 0.054900000000000004
7.75 1.200000000000001 7.73 0.268
8.0 1.200000000000001 7.16 0.105
8.25 1.200000000000001 6.98 0.028
8.5 1.200000000000001 7.029999999999999 0.10700000000000001
8.75 1.200000000000001 6.92 0.0182
9.0 1.200000000000001 6.7700000000000005 0.12200000000000001
9.25 1.200000000000001 6.91 0.0161
9.5 1.200000000000001 6.67 0.207
9.75 1.200000000000001 6.9 0.23900000000000002
10.0 1.200000000000001 6.59 0.133
10.25 1.200000000000001 6.510000000000001 0.158
10.5 1.200000000000001 6.95 0.192
10.75 1.200000000000001 6.489999999999999 0.0101
11.0 1.200000000000001 6.9399999999999995 0.0693
11.25 1.200000000000001 6.64 0.0133
11.5 1.200000000000001 6.46 0.0138
11.75 1.200000000000001 6.59 0.0131
12.0 1.200000000000001 6.53 0.19399999999999998
12.25 1.200000000000001 6.83 0.443
12.5 1.200000000000001 6.510000000000001 0.162
12.75 1.200000000000001 6.56 0.015099999999999999
13.0 1.200000000000001 6.76 0.09
0.0 1.3500000000000012 6.34 0.128
0.25 1.3500000000000012 5.99 0.568
0.5 1.3500000000000012 7.32 0.329
0.75 1.3500000000000012 6.44 0.26
1.0 1.3500000000000012 6.47 0.0155
1.25 1.3500000000000012 5.720000000000001 0.432
1.5 1.3500000000000012 6.72 0.0678
1.75 1.3500000000000012 6.24 0.412
2.0 1.3500000000000012 6.3 0.13199999999999998
2.25 1.3500000000000012 5.76 0.0133
2.5 1.3500000000000012 6.6499999999999995 0.116
2.75 1.3500000000000012 6.61 0.16999999999999998
3.0 1.3500000000000012 6.31 0.229
3.25 1.3500000000000012 6.2299999999999995 0.0128
3.5 1.3500000000000012 6.64 0.0798
3.75 1.3500000000000012 6.6000000000000005 0.015700000000000002
4.0 1.3500000000000012 7.18 0.0728
4.25 1.3500000000000012 7.62 0.0438
4.5 1.3500000000000012 7.23 0.0965
4.75 1.3500000000000012 6.98 0.286
5.0 1.3500000000000012 6.39 0.018
5.25 1.3500000000000012 7.17 0.32099999999999995
5.5 1.3500000000000012 7.24 0.261
5.75 1.3500000000000012 7.18 0.0315
6.0 1.3500000000000012 7.710000000000001 0.0463
6.25 1.3500000000000012 7.09 0.018299999999999997
6.5 1.3500000000000012 7.17 0.0837
6.75 1.3500000000000012 7.48 0.07390000000000001
7.0 1.3500000000000012 7.21 0.21
7.25 1.3500000000000012 7.760000000000001 0.048
7.5 1.3500000000000012 7.42 0.103
7.75 1.3500000000000012 7.659999999999999 0.015600000000000001
8.0 1.3500000000000012 7.09 0.10700000000000001
8.25 1.3500000000000012 7.15 0.27399999999999997
8.5 1.3500000000000012 6.96 0.219
8.75 1.3500000000000012 6.85 0.0175
9.0 1.3500000000000012 6.6000000000000005 0.492
9.25 1.3500000000000012 6.54 0.0886
9.5 1.3500000000000012 6.3999999999999995 0.0171
9.75 1.3500000000000012 6.42 0.47700000000000004
10.0 1.3500000000000012 6.69 0.13799999999999998
10.25 1.3500000000000012 6.54 0.0759
10.5 1.3500000000000012 6.84 0.10400000000000001
10.75 1.3500000000000012 6.21 0.013000000000000001
11.0 1.3500000000000012 6.510000000000001 0.167
11.25 1.3500000000000012 6.5200000000000005 0.017599999999999998
11.5 1.3500000000000012 6.569999999999999 0.0693
11.75 1.3500000000000012 6.61 0.21400000000000002
12.0 1.3500000000000012 6.55 0.19999999999999998
12.25 1.3500000000000012 6.39 0.0205
12.5 1.3500000000000012 6.62 0.0135
12.75 1.3500000000000012 6.69 0.07830000000000001
13.0 1.3500000000000012 6.569999999999999 0.0199
0.0 1.5000000000000013 6.67 0.11499999999999999
0.25 1.5000000000000013 6.99 0.49
0.5 1.5000000000000013 6.7 0.35
0.75 1.5000000000000013 5.88 0.11499999999999999
1.0 1.5000000000000013 6.76 0.43
1.25 1.5000000000000013 6.680000000000001 0.617
1.5 1.5000000000000013 6.98 0.224
1.75 1.5000000000000013 6.510000000000001 0.647
2.0 1.5000000000000013 6.31 0.0127
2.25 1.5000000000000013 6.3500000000000005 0.053899999999999997
2.5 1.5000000000000013 6.28 0.058
2.75 1.5000000000000013 6.7 0.0746
3.0 1.5000000000000013 6.7 0.34400000000000003
3.25 1.5000000000000013 6.93 0.0236
3.5 1.5000000000000013 6.83 0.0354
3.75 1.5000000000000013 7.0600000000000005 0.222
4.0 1.5000000000000013 7.47 0.0833
4.25 1.5000000000000013 7.61 0.036
4.5 1.5000000000000013 6.98 0.145
4.75 1.5000000000000013 7.109999999999999 0.255
5.0 1.5000000000000013 7.48 0.0674
5.25 1.5000000000000013 7.52 0.328
5.5 1.5000000000000013 7.05 0.15
5.75 1.5000000000000013 7.73 0.126
6.0 1.5000000000000013 7.390000000000001 0.14700000000000002
6.25 1.5000000000000013 8.01 0.118
6.5 1.5000000000000013 7.84 0.154
6.75 1.5000000000000013 7.859999999999999 0.039
7.0 1.5000000000000013 7.1 0.21
7.25 1.5000000000000013 7.59 0.0562
7.5 1.5000000000000013 8.08 0.0907
7.75 1.5000000000000013 7.700000000000001 0.0439
8.0 1.5000000000000013 7.17 0.106
8.25 1.5000000000000013 6.72 0.26899999999999996
8.5 1.5000000000000013 6.510000000000001 0.0178
8.75 1.5000000000000013 6.2700000000000005 0.006500000000000001
9.0 1.5000000000000013 7.09 0.159
9.25 1.5000000000000013 6.56 0.151
9.5 1.5000000000000013 6.37 0.382
9.75 1.5000000000000013 6.489999999999999 0.39299999999999996
10.0 1.5000000000000013 6.45 0.17200000000000001
10.25 1.5000000000000013 6.2299999999999995 0.06709999999999999
10.5 1.5000000000000013 6.409999999999999 0.48800000000000004
10.75 1.5000000000000013 6.22 0.13199999999999998
11.0 1.5000000000000013 6.69 0.36100000000000004
11.25 1.5000000000000013 6.56 0.192
11.5 1.5000000000000013 6.4799999999999995 0.0879
11.75 1.5000000000000013 6.19 0.0164
12.0 1.5000000000000013 6.74 0.531
12.25 1.5000000000000013 6.409999999999999 0.015300000000000001
12.5 1.5000000000000013 6.409999999999999 0.0141
12.75 1.5000000000000013 6.6000000000000005 0.0127
13.0 1.5000000000000013 6.6499999999999995 0.176
0.0 1.6500000000000015 6.62 0.175
0.25 1.6500000000000015 6.38 0.46699999999999997
0.5 1.6500000000000015 6.38 0.0905
0.75 1.6500000000000015 6.430000000000001 0.33999999999999997
1.0 1.6500000000000015 6.53 0.022600000000000002
1.25 1.6500000000000015 5.9 0.507
1.5 1.6500000000000015 6.0 0.0395
1.75 1.6500000000000015 6.33 0.00789
2.0 1.6500000000000015 6.38 0.124
2.25 1.6500000000000015 6.84 0.0993
2.5 1.6500000000000015 6.59 0.0703
2.75 1.6500000000000015 6.409999999999999 0.0224
3.0 1.6500000000000015 7.02 0.0206
3.25 1.6500000000000015 7.35 0.15
3.5 1.6500000000000015 7.33 0.204
3.75 1.6500000000000015 6.76 0.13
4.0 1.6500000000000015 7.57 0.133
4.25 1.6500000000000015 7.199999999999999 0.022
4.5 1.6500000000000015 7.21 0.0733
4.75 1.6500000000000015 7.59 0.131
5.0 1.6500000000000015 7.5 0.016
5.25 1.6500000000000015 7.17 0.301
5.5 1.6500000000000015 7.64 0.08869999999999999
5.75 1.6500000000000015 7.7700000000000005 0.035
6.0 1.6500000000000015 7.56 0.0804
6.25 1.6500000000000015 7.890000000000001 0.036500000000000005
6.5 1.6500000000000015 8.18 0.446
6.75 1.6500000000000015 7.46 0.0322
7.0 1.6500000000000015 7.84 0.195
7.25 1.6500000000000015 8.01 0.154
7.5 1.6500000000000015 8.780000000000001 0.19999999999999998
7.75 1.6500000000000015 7.199999999999999 0.039400000000000004
8.0 1.6500000000000015 7.24 0.0331
8.25 1.6500000000000015 6.66 0.09380000000000001
8.5 1.6500000000000015 6.79 0.0785
8.75 1.6500000000000015 7.15 0.0847
9.0 1.6500000000000015 7.0600000000000005 0.133
9.25 1.6500000000000015 6.680000000000001 0.0523
9.5 1.6500000000000015 6.61 0.40900000000000003
9.75 1.6500000000000015 6.44 0.0784
10.0 1.6500000000000015 6.319999999999999 0.0754
10.25 1.6500000000000015 6.59 0.102
10.5 1.6500000000000015 6.34 0.37
10.75 1.6500000000000015 6.62 0.59
11.0 1.6500000000000015 6.36 0.328
11.25 1.6500000000000015 6.16 0.0662
11.5 1.6500000000000015 6.5200000000000005 0.0146
11.75 1.6500000000000015 6.319999999999999 0.438
12.0 1.6500000000000015 6.36 0.116
12.25 1.6500000000000015 6.25 0.0667
12.5 1.6500000000000015 6.42 0.07869999999999999
12.75 1.6500000000000015 6.31 0.0593
13.0 1.6500000000000015 6.25 0.0209
0.0 1.8000000000000016 7.04 0.0552
0.25 1.8000000000000016 6.95 0.09999999999999999
0.5 1.8000000000000016 6.86 0.547
0.75 1.8000000000000016 7.07 0.322
1.0 1.8000000000000016 6.39 0.07759999999999999
1.25 1.8000000000000016 6.15 0.20900000000000002
1.5 1.8000000000000016 7.02 0.027100000000000003
1.75 1.8000000000000016 6.05 0.159
2.0 1.8000000000000016 7.140000000000001 0.054900000000000004
2.25 1.8000000000000016 6.86 0.0557
2.5 1.8000000000000016 6.71 0.051399999999999994
2.75 1.8000000000000016 7.32 0.0643
3.0 1.8000000000000016 7.130000000000001 0.236
3.25 1.8000000000000016 7.18 0.105
3.5 1.8000000000000016 7.64 0.0775
3.75 1.8000000000000016 7.49 0.12100000000000001
4.0 1.8000000000000016 7.46 0.022600000000000002
4.25 1.8000000000000016 8.2 0.185
4.5 1.8000000000000016 7.359999999999999 0.229
4.75 1.8000000000000016 7.53 0.112
5.0 1.8000000000000016 7.68 0.024
5.25 1.8000000000000016 7.4399999999999995 0.0834
5.5 1.8000000000000016 7.300000000000001 0.188
5.75 1.8000000000000016 8.11 0.12100000000000001
6.0 1.8000000000000016 8.17 0.0465
6.25 1.8000000000000016 7.8 0.0457
6.5 1.8000000000000016 7.920000000000001 0.0441
6.75 1.8000000000000016 7.18 0.082
7.0 1.8000000000000016 7.62 0.426
7.25 1.8000000000000016 7.38 0.0772
7.5 1.8000000000000016 7.669999999999999 0.081
7.75 1.8000000000000016 8.34 0.202
8.0 1.8000000000000016 7.760000000000001 0.153
8.25 1.8000000000000016 7.140000000000001 0.0674
8.5 1.8000000000000016 7.0600000000000005 0.0274
8.75 1.8000000000000016 6.74 0.153
9.0 1.8000000000000016 6.53 0.0174
9.25 1.8000000000000016 6.489999999999999 0.020999999999999998
9.5 1.8000000000000016 6.3999999999999995 0.13799999999999998
9.75 1.8000000000000016 5.96 0.0993
10.0 1.8000000000000016 6.54 0.0848
10.25 1.8000000000000016 6.489999999999999 0.5279999999999999
10.5 1.8000000000000016 6.36 0.273
10.75 1.8000000000000016 6.25 0.0126
11.0 1.8000000000000016 6.33 0.372
11.25 1.8000000000000016 5.9399999999999995 0.196
11.5 1.8000000000000016 6.22 0.0141
11.75 1.8000000000000016 6.36 0.189
12.0 1.8000000000000016 6.510000000000001 0.34099999999999997
12.25 1.8000000000000016 6.25 0.00955
12.5 1.8000000000000016 6.1 0.00343
12.75 1.8000000000000016 7.42 0.0684
13.0 1.8000000000000016 6.46 0.0155
0.0 1.9500000000000017 7.130000000000001 0.0282
0.25 1.9500000000000017 7.130000000000001 0.0639
0.5 1.9500000000000017 6.6000000000000005 0.135
0.75 1.9500000000000017 6.61 0.47100000000000003
1.0 1.9500000000000017 5.800000000000001 0.0854
1.25 1.9500000000000017 6.2700000000000005 0.288
1.5 1.9500000000000017 7.46 0.11
1.75 1.9500000000000017 6.79 0.129
2.0 1.9500000000000017 7.15 0.203
2.25 1.9500000000000017 6.95 0.127
2.5 1.9500000000000017 7.0600000000000005 0.195
2.75 1.9500000000000017 7.24 0.0315
3.0 1.9500000000000017 7.52 0.13899999999999998
3.25 1.9500000000000017 7.720000000000001 0.135
3.5 1.9500000000000017 7.8 0.0472
3.75 1.9500000000000017 7.760000000000001 0.030799999999999998
4.0 1.9500000000000017 8.02 0.08149999999999999
4.25 1.9500000000000017 7.51 0.054
4.5 1.9500000000000017 7.48 0.0831
4.75 1.9500000000000017 6.8 0.265
5.0 1.9500000000000017 6.86 0.0959
5.25 1.9500000000000017 6.88 0.204
5.5 1.9500000000000017 6.63 0.117
5.75 1.9500000000000017 6.9 0.153
6.0 1.9500000000000017 7.1 0.0185
6.25 1.9500000000000017 6.88 0.08320000000000001
6.5 1.9500000000000017 6.99 0.0932
6.75 1.9500000000000017 7.45 0.0795
7.0 1.9500000000000017 7.220000000000001 0.0589
7.25 1.9500000000000017 7.47 0.0851
7.5 1.9500000000000017 8.04 0.184
7.75 1.9500000000000017 nan nan
8.0 1.9500000000000017 7.869999999999999 0.176
8.25 1.9500000000000017 7.09 0.0174
8.5 1.9500000000000017 7.05 0.0856
8.75 1.9500000000000017 6.97 0.06899999999999999
9.0 1.9500000000000017 6.86 0.0375
9.25 1.9500000000000017 6.82 0.128
9.5 1.9500000000000017 6.54 0.3
9.75 1.9500000000000017 6.28 0.0118
10.0 1.9500000000000017 6.2299999999999995 0.093
10.25 1.9500000000000017 6.13 0.0112
10.5 1.9500000000000017 5.93 0.126
10.75 1.9500000000000017 6.07 0.016499999999999997
11.0 1.9500000000000017 6.2700000000000005 0.56
11.25 1.9500000000000017 6.2 0.33099999999999996
11.5 1.9500000000000017 6.1 0.0897
11.75 1.9500000000000017 6.29 0.0119
12.0 1.9500000000000017 6.6000000000000005 0.0173
12.25 1.9500000000000017 6.59 0.010400000000000001
12.5 1.9500000000000017 6.409999999999999 0.015099999999999999
12.75 1.9500000000000017 6.28 0.0118
13.0 1.9500000000000017 6.6000000000000005 0.0169
0.0 2.100000000000002 7.01 0.0385
0.25 2.100000000000002 7.07 0.0833
0.5 2.100000000000002 7.3100000000000005 0.08460000000000001
0.75 2.100000000000002 6.22 0.5579999999999999
1.0 2.100000000000002 7.4 0.204
1.25 2.100000000000002 7.25 0.135
1.5 2.100000000000002 6.74 0.0472
1.75 2.100000000000002 7.35 0.038799999999999994
2.0 2.100000000000002 7.37 0.0924
2.25 2.100000000000002 7.15 0.038099999999999995
2.5 2.100000000000002 7.34 0.0419
2.75 2.100000000000002 7.73 0.0663
3.0 2.100000000000002 7.6499999999999995 0.11499999999999999
3.25 2.100000000000002 7.27 0.0985
3.5 2.100000000000002 7.75 0.09680000000000001
3.75 2.100000000000002 7.56 0.0644
4.0 2.100000000000002 8.26 0.153
4.25 2.100000000000002 6.9399999999999995 0.185
4.5 2.100000000000002 7.53 0.184
4.75 2.100000000000002 7.01 0.148
5.0 2.100000000000002 7.04 0.28700000000000003
5.25 2.100000000000002 6.88 0.117
5.5 2.100000000000002 6.83 0.283
5.75 2.100000000000002 6.47 0.241
6.0 2.100000000000002 6.59 0.26899999999999996
6.25 2.100000000000002 6.88 0.06470000000000001
6.5 2.100000000000002 7.24 0.119
6.75 2.100000000000002 8.04 0.0858
7.0 2.100000000000002 7.91 0.0327
7.25 2.100000000000002 8.43 0.149
7.5 2.100000000000002 7.58 0.328
7.75 2.100000000000002 8.19 0.142
8.0 2.100000000000002 7.57 0.019000000000000003
8.25 2.100000000000002 7.33 0.0459
8.5 2.100000000000002 7.279999999999999 0.0389
8.75 2.100000000000002 6.72 0.291
9.0 2.100000000000002 6.91 0.08259999999999999
9.25 2.100000000000002 7.029999999999999 0.0991
9.5 2.100000000000002 6.9399999999999995 0.113
9.75 2.100000000000002 6.39 0.524
10.0 2.100000000000002 6.489999999999999 0.155
10.25 2.100000000000002 6.08 0.0333
10.5 2.100000000000002 6.9399999999999995 0.654
10.75 2.100000000000002 6.59 0.389
11.0 2.100000000000002 6.510000000000001 0.103
11.25 2.100000000000002 6.38 0.14100000000000001
11.5 2.100000000000002 6.66 0.0703
11.75 2.100000000000002 6.510000000000001 0.0195
12.0 2.100000000000002 6.56 0.219
12.25 2.100000000000002 6.7700000000000005 0.0172
12.5 2.100000000000002 6.54 0.156
12.75 2.100000000000002 6.81 0.13899999999999998
13.0 2.100000000000002 6.55 0.011399999999999999
0.0 2.2500000000000018 7.62 0.0488
0.25 2.2500000000000018 7.27 0.0472
0.5 2.2500000000000018 6.18 0.0992
0.75 2.2500000000000018 6.01 0.106
1.0 2.2500000000000018 6.7700000000000005 0.03
1.25 2.2500000000000018 7.279999999999999 0.369
1.5 2.2500000000000018 7.34 0.18300000000000002
1.75 2.2500000000000018 6.85 0.061599999999999995
2.0 2.2500000000000018 7.47 0.228
2.25 2.2500000000000018 7.720000000000001 0.08990000000000001
2.5 2.2500000000000018 7.09 0.0661
2.75 2.2500000000000018 7.84 0.0592
3.0 2.2500000000000018 7.59 0.14600000000000002
3.25 2.2500000000000018 7.56 0.039599999999999996
3.5 2.2500000000000018 7.59 0.053500000000000006
3.75 2.2500000000000018 7.659999999999999 0.14100000000000001
4.0 2.2500000000000018 7.9799999999999995 0.188
4.25 2.2500000000000018 7.859999999999999 0.0311
4.5 2.2500000000000018 7.61 0.054200000000000005
4.75 2.2500000000000018 7.68 0.061000000000000006
5.0 2.2500000000000018 7.359999999999999 0.19899999999999998
5.25 2.2500000000000018 6.83 0.155
5.5 2.2500000000000018 6.66 0.291
5.75 2.2500000000000018 6.85 0.29200000000000004
6.0 2.2500000000000018 6.64 0.0939
6.25 2.2500000000000018 7.710000000000001 0.0726
6.5 2.2500000000000018 7.6499999999999995 0.0803
6.75 2.2500000000000018 7.9 0.17800000000000002
7.0 2.2500000000000018 7.930000000000001 0.0559
7.25 2.2500000000000018 8.08 0.0494
7.5 2.2500000000000018 nan nan
7.75 2.2500000000000018 7.91 0.101
8.0 2.2500000000000018 7.3100000000000005 0.0254
8.25 2.2500000000000018 7.760000000000001 0.0737
8.5 2.2500000000000018 7.15 0.0781
8.75 2.2500000000000018 7.1 0.192
9.0 2.2500000000000018 7.029999999999999 0.154
9.25 2.2500000000000018 6.78 0.0804
9.5 2.2500000000000018 6.81 0.094
9.75 2.2500000000000018 6.47 0.0851
10.0 2.2500000000000018 6.26 0.0866
10.25 2.2500000000000018 6.86 0.0265
10.5 2.2500000000000018 6.569999999999999 0.016300000000000002
10.75 2.2500000000000018 6.86 0.135
11.0 2.2500000000000018 6.9399999999999995 0.0146
11.25 2.2500000000000018 6.54 0.0204
11.5 2.2500000000000018 6.6000000000000005 0.0309
11.75 2.2500000000000018 7.07 0.0521
12.0 2.2500000000000018 6.67 0.0209
12.25 2.2500000000000018 7.08 0.019000000000000003
12.5 2.2500000000000018 6.85 0.0181
12.75 2.2500000000000018 6.81 0.0213
13.0 2.2500000000000018 6.4799999999999995 0.0222
0.0 2.400000000000002 7.42 0.12200000000000001
0.25 2.400000000000002 7.56 0.0415
0.5 2.400000000000002 6.44 0.175
0.75 2.400000000000002 6.93 0.0855
1.0 2.400000000000002 7.720000000000001 0.211
1.25 2.400000000000002 7.359999999999999 0.0654
1.5 2.400000000000002 7.220000000000001 0.022799999999999997
1.75 2.400000000000002 7.1899999999999995 0.48
2.0 2.400000000000002 7.54 0.060899999999999996
2.25 2.400000000000002 7.669999999999999 0.23900000000000002
2.5 2.400000000000002 7.54 0.0516
2.75 2.400000000000002 7.51 0.0169
3.0 2.400000000000002 7.29 0.0722
3.25 2.400000000000002 6.88 0.0501
3.5 2.400000000000002 7.18 0.040299999999999996
3.75 2.400000000000002 7.73 0.131
4.0 2.400000000000002 nan nan
4.25 2.400000000000002 nan nan
4.5 2.400000000000002 7.4 0.053899999999999997
4.75 2.400000000000002 7.720000000000001 0.0753
5.0 2.400000000000002 7.279999999999999 0.09949999999999999
5.25 2.400000000000002 7.91 0.052199999999999996
5.5 2.400000000000002 7.37 0.156
5.75 2.400000000000002 6.98 0.16999999999999998
6.0 2.400000000000002 7.08 0.15
6.25 2.400000000000002 7.390000000000001 0.179
6.5 2.400000000000002 7.57 0.0428
6.75 2.400000000000002 8.19 0.14100000000000001
7.0 2.400000000000002 nan nan
7.25 2.400000000000002 9.0 0.65
7.5 2.400000000000002 nan nan
7.75 2.400000000000002 7.880000000000001 0.0348
8.0 2.400000000000002 7.4 0.0292
8.25 2.400000000000002 7.56 0.0266
8.5 2.400000000000002 7.47 0.0201
8.75 2.400000000000002 7.6 0.0175
9.0 2.400000000000002 6.88 0.0643
9.25 2.400000000000002 7.6899999999999995 0.0324
9.5 2.400000000000002 6.78 0.0144
9.75 2.400000000000002 6.75 0.436
10.0 2.400000000000002 6.47 0.0135
10.25 2.400000000000002 6.2299999999999995 0.328
10.5 2.400000000000002 6.7700000000000005 0.0182
10.75 2.400000000000002 6.61 0.323
11.0 2.400000000000002 6.69 0.021500000000000002
11.25 2.400000000000002 7.140000000000001 0.0143
11.5 2.400000000000002 6.84 0.015099999999999999
11.75 2.400000000000002 6.59 0.0127
12.0 2.400000000000002 7.41 0.0229
12.25 2.400000000000002 6.9399999999999995 0.116
12.5 2.400000000000002 6.9399999999999995 0.0173
12.75 2.400000000000002 7.16 0.0185
13.0 2.400000000000002 7.02 0.016300000000000002
0.0 2.5500000000000025 7.49 0.0339
0.25 2.5500000000000025 7.35 0.036500000000000005
0.5 2.5500000000000025 6.569999999999999 0.0213
0.75 2.5500000000000025 7.38 0.0908
1.0 2.5500000000000025 5.85 0.452
1.25 2.5500000000000025 8.34 0.0565
1.5 2.5500000000000025 6.03 0.17200000000000001
1.75 2.5500000000000025 7.220000000000001 0.0355
2.0 2.5500000000000025 7.53 0.39499999999999996
2.25 2.5500000000000025 7.8 0.158
2.5 2.5500000000000025 7.710000000000001 0.34099999999999997
2.75 2.5500000000000025 7.51 0.12
3.0 2.5500000000000025 7.26 0.156
3.25 2.5500000000000025 7.15 0.031
3.5 2.5500000000000025 7.78 0.052899999999999996
3.75 2.5500000000000025 7.91 0.111
4.0 2.5500000000000025 7.760000000000001 0.0384
4.25 2.5500000000000025 nan nan
4.5 2.5500000000000025 nan nan
4.75 2.5500000000000025 8.04 0.248
5.0 2.5500000000000025 7.73 0.0463
5.25 2.5500000000000025 7.33 0.303
5.5 2.5500000000000025 7.37 0.16899999999999998
5.75 2.5500000000000025 7.859999999999999 0.109
6.0 2.5500000000000025 7.85 0.134
6.25 2.5500000000000025 7.8 0.0587
6.5 2.5500000000000025 nan nan
6.75 2.5500000000000025 8.03 0.207
7.0 2.5500000000000025 nan nan
7.25 2.5500000000000025 nan nan
7.5 2.5500000000000025 7.7700000000000005 0.0395
7.75 2.5500000000000025 7.57 0.0681
8.0 2.5500000000000025 7.78 0.12
8.25 2.5500000000000025 7.659999999999999 0.0292
8.5 2.5500000000000025 7.29 0.031400000000000004
8.75 2.5500000000000025 7.1 0.0177
9.0 2.5500000000000025 7.56 0.0266
9.25 2.5500000000000025 7.669999999999999 0.0213
9.5 2.5500000000000025 7.279999999999999 0.019700000000000002
9.75 2.5500000000000025 7.3100000000000005 0.0234
10.0 2.5500000000000025 6.82 0.0122
10.25 2.5500000000000025 7.0 0.0108
10.5 2.5500000000000025 7.0 0.0124
10.75 2.5500000000000025 7.08 0.0199
11.0 2.5500000000000025 7.17 0.017900000000000003
11.25 2.5500000000000025 7.109999999999999 0.015
11.5 2.5500000000000025 7.029999999999999 0.0219
11.75 2.5500000000000025 7.48 0.0526
12.0 2.5500000000000025 7.25 0.0252
12.25 2.5500000000000025 6.97 0.015799999999999998
12.5 2.5500000000000025 7.02 0.014
12.75 2.5500000000000025 7.05 0.018299999999999997
13.0 2.5500000000000025 6.7700000000000005 0.13199999999999998
0.0 2.7000000000000024 7.930000000000001 0.038799999999999994
0.25 2.7000000000000024 7.37 0.078
0.5 2.7000000000000024 6.69 0.219
0.75 2.7000000000000024 6.2299999999999995 0.123
1.0 2.7000000000000024 7.42 0.11
1.25 2.7000000000000024 6.6499999999999995 0.0126
1.5 2.7000000000000024 6.6000000000000005 0.26
1.75 2.7000000000000024 6.95 0.102
2.0 2.7000000000000024 7.8 0.0764
2.25 2.7000000000000024 7.7700000000000005 0.041
2.5 2.7000000000000024 7.57 0.0587
2.75 2.7000000000000024 7.46 0.24400000000000002
3.0 2.7000000000000024 7.56 0.166
3.25 2.7000000000000024 7.79 0.131
3.5 2.7000000000000024 7.6499999999999995 0.0432
3.75 2.7000000000000024 7.91 0.0441
4.0 2.7000000000000024 7.6499999999999995 0.126
4.25 2.7000000000000024 nan nan
4.5 2.7000000000000024 nan nan
4.75 2.7000000000000024 nan nan
5.0 2.7000000000000024 nan nan
5.25 2.7000000000000024 7.6899999999999995 0.0363
5.5 2.7000000000000024 7.8 0.106
5.75 2.7000000000000024 7.81 0.060500000000000005
6.0 2.7000000000000024 8.120000000000001 0.20800000000000002
6.25 2.7000000000000024 8.1 0.116
6.5 2.7000000000000024 8.42 0.050600000000000006
6.75 2.7000000000000024 nan nan
7.0 2.7000000000000024 nan nan
7.25 2.7000000000000024 nan nan
7.5 2.7000000000000024 7.59 0.0295
7.75 2.7000000000000024 7.46 0.019799999999999998
8.0 2.7000000000000024 7.8 0.0433
8.25 2.7000000000000024 7.199999999999999 0.0143
8.5 2.7000000000000024 7.34 0.0167
8.75 2.7000000000000024 7.54 0.0328
9.0 2.7000000000000024 7.42 0.0245
9.25 2.7000000000000024 7.38 0.0175
9.5 2.7000000000000024 6.9399999999999995 0.0124
9.75 2.7000000000000024 6.82 0.015300000000000001
10.0 2.7000000000000024 7.17 0.0192
10.25 2.7000000000000024 6.7299999999999995 0.012299999999999998
10.5 2.7000000000000024 6.67 0.0135
10.75 2.7000000000000024 6.96 0.216
11.0 2.7000000000000024 6.88 0.052700000000000004
11.25 2.7000000000000024 6.76 0.14100000000000001
11.5 2.7000000000000024 7.07 0.212
11.75 2.7000000000000024 6.84 0.0214
12.0 2.7000000000000024 7.32 0.0941
12.25 2.7000000000000024 7.21 0.033600000000000005
12.5 2.7000000000000024 7.61 0.0977
12.75 2.7000000000000024 7.760000000000001 0.0349
13.0 2.7000000000000024 6.3999999999999995 0.0332
0.0 2.8500000000000023 7.53 0.09119999999999999
0.25 2.8500000000000023 8.049999999999999 0.439
0.5 2.8500000000000023 7.42 0.123
0.75 2.8500000000000023 7.48 0.027800000000000002
1.0 2.8500000000000023 7.659999999999999 0.165
1.25 2.8500000000000023 7.26 0.118
1.5 2.8500000000000023 6.72 0.127
1.75 2.8500000000000023 7.25 0.101
2.0 2.8500000000000023 7.59 0.0545
2.25 2.8500000000000023 7.41 0.253
2.5 2.8500000000000023 7.6 0.192
2.75 2.8500000000000023 7.29 0.193
3.0 2.8500000000000023 7.35 0.0285
3.25 2.8500000000000023 7.56 0.14100000000000001
3.5 2.8500000000000023 7.75 0.16899999999999998
3.75 2.8500000000000023 7.9799999999999995 0.41
4.0 2.8500000000000023 7.6499999999999995 0.0596
4.25 2.8500000000000023 7.57 0.0193
4.5 2.8500000000000023 7.95 0.125
4.75 2.8500000000000023 8.3 0.103
5.0 2.8500000000000023 7.75 0.34299999999999997
5.25 2.8500000000000023 7.84 0.045
5.5 2.8500000000000023 7.989999999999999 0.035199999999999995
5.75 2.8500000000000023 nan nan
6.0 2.8500000000000023 8.399999999999999 0.256
6.25 2.8500000000000023 7.52 0.039400000000000004
6.5 2.8500000000000023 7.4 0.0784
6.75 2.8500000000000023 nan nan
7.0 2.8500000000000023 7.25 0.053599999999999995
7.25 2.8500000000000023 7.57 0.0436
7.5 2.8500000000000023 7.95 0.0282
7.75 2.8500000000000023 7.920000000000001 0.0581
8.0 2.8500000000000023 7.59 0.0404
8.25 2.8500000000000023 7.6899999999999995 0.0357
8.5 2.8500000000000023 7.760000000000001 0.051300000000000005
8.75 2.8500000000000023 7.669999999999999 0.135
9.0 2.8500000000000023 7.829999999999999 0.131
9.25 2.8500000000000023 7.390000000000001 0.029900000000000003
9.5 2.8500000000000023 7.29 0.0214
9.75 2.8500000000000023 7.37 0.0765
10.0 2.8500000000000023 7.29 0.0626
10.25 2.8500000000000023 6.9399999999999995 0.0461
10.5 2.8500000000000023 6.9399999999999995 0.022
10.75 2.8500000000000023 7.1899999999999995 0.0361
11.0 2.8500000000000023 7.01 0.0482
11.25 2.8500000000000023 6.9 0.0708
11.5 2.8500000000000023 7.02 0.101
11.75 2.8500000000000023 6.7700000000000005 0.13899999999999998
12.0 2.8500000000000023 6.78 0.215
12.25 2.8500000000000023 7.64 0.059
12.5 2.8500000000000023 7.1 0.0237
12.75 2.8500000000000023 nan nan
13.0 2.8500000000000023 6.83 0.0332
0.0 3.0000000000000027 7.47 0.0515
0.25 3.0000000000000027 7.52 0.164
0.5 3.0000000000000027 7.26 0.0235
0.75 3.0000000000000027 6.96 0.0161
1.0 3.0000000000000027 7.6 0.167
1.25 3.0000000000000027 7.49 0.111
1.5 3.0000000000000027 7.97 0.0435
1.75 3.0000000000000027 6.97 0.0444
2.0 3.0000000000000027 7.6499999999999995 0.0684
2.25 3.0000000000000027 7.38 0.0418
2.5 3.0000000000000027 7.9 0.131
2.75 3.0000000000000027 7.47 0.0328
3.0 3.0000000000000027 6.9 0.0368
3.25 3.0000000000000027 7.73 0.0497
3.5 3.0000000000000027 7.32 0.0559
3.75 3.0000000000000027 8.16 0.0477
4.0 3.0000000000000027 7.669999999999999 0.0664
4.25 3.0000000000000027 8.23 0.14600000000000002
4.5 3.0000000000000027 7.64 0.173
4.75 3.0000000000000027 7.41 0.27799999999999997
5.0 3.0000000000000027 nan nan
5.25 3.0000000000000027 8.1 0.0865
5.5 3.0000000000000027 7.52 0.196
5.75 3.0000000000000027 7.710000000000001 0.0692
6.0 3.0000000000000027 nan nan
6.25 3.0000000000000027 7.85 0.0511
6.5 3.0000000000000027 nan nan
6.75 3.0000000000000027 nan nan
7.0 3.0000000000000027 7.54 0.0448
7.25 3.0000000000000027 7.94 0.665
7.5 3.0000000000000027 7.96 0.48800000000000004
7.75 3.0000000000000027 7.6 0.0266
8.0 3.0000000000000027 8.16 0.0694
8.25 3.0000000000000027 8.3 0.791
8.5 3.0000000000000027 7.659999999999999 0.051399999999999994
8.75 3.0000000000000027 7.68 0.0344
9.0 3.0000000000000027 8.0 0.0643
9.25 3.0000000000000027 7.48 0.0294
9.5 3.0000000000000027 7.49 0.0205
9.75 3.0000000000000027 7.49 0.08449999999999999
10.0 3.0000000000000027 7.41 0.0209
10.25 3.0000000000000027 7.49 0.16899999999999998
10.5 3.0000000000000027 7.390000000000001 0.0552
10.75 3.0000000000000027 7.07 0.154
11.0 3.0000000000000027 6.76 0.14
11.25 3.0000000000000027 6.64 0.102
11.5 3.0000000000000027 6.92 0.108
11.75 3.0000000000000027 6.64 0.024599999999999997
12.0 3.0000000000000027 7.18 0.0543
12.25 3.0000000000000027 7.6499999999999995 0.227
12.5 3.0000000000000027 7.760000000000001 0.0334
12.75 3.0000000000000027 7.97 0.0669
13.0 3.0000000000000027 7.029999999999999 0.0395
0.0 3.150000000000003 7.74 0.0714
0.25 3.150000000000003 7.819999999999999 0.111
0.5 3.150000000000003 6.62 0.17200000000000001
0.75 3.150000000000003 7.59 0.0591
1.0 3.150000000000003 7.64 0.327
1.25 3.150000000000003 8.13 0.125
1.5 3.150000000000003 7.52 0.174
1.75 3.150000000000003 7.05 0.0439
2.0 3.150000000000003 7.64 0.0835
2.25 3.150000000000003 7.42 0.251
2.5 3.150000000000003 7.989999999999999 0.369
2.75 3.150000000000003 7.42 0.0298
3.0 3.150000000000003 7.38 0.0524
3.25 3.150000000000003 7.84 0.449
3.5 3.150000000000003 nan nan
3.75 3.150000000000003 7.32 0.039400000000000004
4.0 3.150000000000003 7.760000000000001 0.14700000000000002
4.25 3.150000000000003 7.669999999999999 0.0462
4.5 3.150000000000003 7.7700000000000005 0.0275
4.75 3.150000000000003 7.930000000000001 0.0864
5.0 3.150000000000003 nan nan
5.25 3.150000000000003 7.890000000000001 0.08449999999999999
5.5 3.150000000000003 8.01 0.0386
5.75 3.150000000000003 7.96 0.0433
6.0 3.150000000000003 7.9799999999999995 0.114
6.25 3.150000000000003 7.64 0.0663
6.5 3.150000000000003 8.209999999999999 0.103
6.75 3.150000000000003 7.74 0.0782
7.0 3.150000000000003 7.1 0.145
7.25 3.150000000000003 8.16 0.082
7.5 3.150000000000003 8.04 0.027100000000000003
7.75 3.150000000000003 7.859999999999999 0.0849
8.0 3.150000000000003 7.43 0.0463
8.25 3.150000000000003 8.16 0.0494
8.5 3.150000000000003 7.869999999999999 0.0272
8.75 3.150000000000003 7.79 0.0331
9.0 3.150000000000003 8.09 0.809
9.25 3.150000000000003 7.78 0.03
9.5 3.150000000000003 7.58 0.0304
9.75 3.150000000000003 7.48 0.0209
10.0 3.150000000000003 7.54 0.18300000000000002
10.25 3.150000000000003 7.47 0.0446
10.5 3.150000000000003 7.119999999999999 0.0327
10.75 3.150000000000003 6.62 0.23099999999999998
11.0 3.150000000000003 6.79 0.0955
11.25 3.150000000000003 6.62 0.0292
11.5 3.150000000000003 6.53 0.166
11.75 3.150000000000003 6.569999999999999 0.102
12.0 3.150000000000003 6.680000000000001 0.08149999999999999
12.25 3.150000000000003 8.219999999999999 0.081
12.5 3.150000000000003 7.359999999999999 0.052899999999999996
12.75 3.150000000000003 7.29 0.19899999999999998
13.0 3.150000000000003 7.09 0.20800000000000002
0.0 3.300000000000003 7.91 0.159
0.25 3.300000000000003 7.62 0.0553
0.5 3.300000000000003 7.51 0.054200000000000005
0.75 3.300000000000003 7.659999999999999 0.0364
1.0 3.300000000000003 7.659999999999999 0.054900000000000004
1.25 3.300000000000003 7.989999999999999 0.164
1.5 3.300000000000003 7.52 0.048400000000000006
1.75 3.300000000000003 7.75 0.0948
2.0 3.300000000000003 7.49 0.0771
2.25 3.300000000000003 7.74 0.386
2.5 3.300000000000003 7.95 0.19399999999999998
2.75 3.300000000000003 7.710000000000001 0.103
3.0 3.300000000000003 7.63 0.031200000000000002
3.25 3.300000000000003 7.94 0.611
3.5 3.300000000000003 8.15 0.156
3.75 3.300000000000003 7.73 0.061900000000000004
4.0 3.300000000000003 7.669999999999999 0.161
4.25 3.300000000000003 7.84 0.08410000000000001
4.5 3.300000000000003 nan nan
4.75 3.300000000000003 7.859999999999999 0.0879
5.0 3.300000000000003 8.16 0.18300000000000002
5.25 3.300000000000003 7.8 0.111
5.5 3.300000000000003 nan nan
5.75 3.300000000000003 7.760000000000001 0.0398
6.0 3.300000000000003 7.7700000000000005 0.319
6.25 3.300000000000003 7.59 0.188
6.5 3.300000000000003 7.920000000000001 0.47
6.75 3.300000000000003 7.97 0.0953
7.0 3.300000000000003 7.9 0.131
7.25 3.300000000000003 7.9799999999999995 0.0786
7.5 3.300000000000003 7.989999999999999 0.0657
7.75 3.300000000000003 7.79 0.204
8.0 3.300000000000003 7.96 0.375
8.25 3.300000000000003 7.859999999999999 0.181
8.5 3.300000000000003 7.9799999999999995 0.386
8.75 3.300000000000003 7.829999999999999 0.09040000000000001
9.0 3.300000000000003 7.94 0.27
9.25 3.300000000000003 7.52 0.03
9.5 3.300000000000003 7.6 0.0855
9.75 3.300000000000003 7.700000000000001 0.12100000000000001
10.0 3.300000000000003 7.62 0.07440000000000001
10.25 3.300000000000003 6.81 0.09999999999999999
10.5 3.300000000000003 nan nan
10.75 3.300000000000003 6.7700000000000005 0.0437
11.0 3.300000000000003 nan nan
11.25 3.300000000000003 nan nan
11.5 3.300000000000003 nan nan
11.75 3.300000000000003 6.9 0.415
12.0 3.300000000000003 6.92 0.0524
12.25 3.300000000000003 7.21 0.0224
12.5 3.300000000000003 7.4 0.0327
12.75 3.300000000000003 8.66 0.33599999999999997
13.0 3.300000000000003 nan nan
