40 0.0469
40.05 0.0523
40.1 0.0577
40.15 0.0564
40.2 0.055
40.25 0.0565
40.3 0.058
40.35 0.0616
40.4 0.0652
40.45 0.0624
40.5 0.0594
40.55 0.0669
40.6 0.0742
40.65 0.0702
40.7 0.0653
40.75 0.0726
40.8 0.08
40.85 0.0783
40.9 0.0765
40.95 0.0799
41 0.0833
41.05 0.0874
41.1 0.0916
41.15 0.0896
41.2 0.0878
41.25 0.0971
41.3 0.1066
41.35 0.1023
41.4 0.0981
41.45 0.1057
41.5 0.1187
41.55 0.1176
41.6 0.1165
41.65 0.1164
41.7 0.129
41.75 0.1352
41.8 0.1416
41.85 0.1419
41.9 0.1421
41.95 0.1558
42 0.1695
42.05 0.1672
42.1 0.1649
42.15 0.181
42.2 0.1972
42.25 0.1996
42.3 0.202
42.35 0.2146
42.4 0.2272
42.45 0.2407
42.5 0.2542
42.55 0.2611
42.6 0.2679
42.65 0.2938
42.7 0.3195
42.75 0.3265
42.8 0.3335
42.85 0.3668
42.9 0.4
42.95 0.4194
43 0.4389
43.05 0.4747
43.1 0.5106
43.15 0.5571
43.2 0.6035
43.25 0.6508
43.3 0.698
43.35 0.8339
43.4 0.9699
43.45 1.2464
43.5 1.5231
43.55 1.7231
43.6 1.923
43.65 2.1562
43.7 2.3894
43.75 2.7304
43.8 3.0715
43.85 3.5983
43.9 4.1251
43.95 4.9352
44 5.7454
44.05 7.0125
44.1 8.7453
44.15 11.2385
44.2 14.8172
44.25 20.8071
44.3 31.9092
44.35 56.6982
44.4 124.189
44.45 314.529
44.5 755.304
44.55 1447.97
44.6 1982.33
44.65 1530.56
44.7 494.342
44.75 147.23
44.8 63.3853
44.85 35.0429
44.9 21.13
44.95 14.2477
45 10.2543
45.05 7.7611
45.1 6.0796
45.15 5.0243
45.2 3.969
45.25 3.4103
45.3 2.8515
45.35 2.4876
45.4 2.1236
45.45 1.8867
45.5 1.65
45.55 1.4995
45.6 1.3491
45.65 1.2146
45.7 1.0801
45.75 0.9972
45.8 0.9143
45.85 0.7923
45.9 0.6704
45.95 0.6245
46 0.5787
46.05 0.5403
46.1 0.5017
46.15 0.4628
46.2 0.4239
46.25 0.4096
46.3 0.3953
46.35 0.3614
46.4 0.3274
46.45 0.3201
46.5 0.3127
46.55 0.2913
46.6 0.2697
46.65 0.2577
46.7 0.2457
46.75 0.2387
46.8 0.2318
46.85 0.214
46.9 0.1962
46.95 0.1974
47 0.1988
47.05 0.1823
47.1 0.1658
47.15 0.1654
47.2 0.1651
47.25 0.157
47.3 0.149
47.35 0.1417
47.4 0.1343
47.45 0.1354
47.5 0.1363
47.55 0.1244
47.6 0.1125
47.65 0.1166
47.7 0.1205
47.75 0.1111
47.8 0.1017
47.85 0.1014
47.9 0.1012
47.95 0.0992
48 0.0971
48.05 0.0904
48.1 0.0837
48.15 0.0876
48.2 0.0915
48.25 0.0825
48.3 0.0735
48.35 0.0772
48.4 0.0809
48.45 0.0758
48.5 0.0707
48.55 0.0691
48.6 0.0675
48.65 0.0688
48.7 0.0702
48.75 0.061
48.8 0.057
48.85 0.0616
48.9 0.0661
48.95 0.0596
49 0.053
49.05 0.0551
49.1 0.0573
49.15 0.0557
49.2 0.054
49.25 0.0513
49.3 0.0487
49.35 0.0517
49.4 0.0548
49.45 0.0488
49.5 0.0429
49.55 0.0467
49.6 0.0506
49.65 0.0465
49.7 0.0425
49.75 0.0427
49.8 0.0429
49.85 0.0437
49.9 0.0445
49.95 0.0403
50 0.0361
50.05 0.04
50.1 0.0439
50.15 0.0389
50.2 0.034
50.25 0.0365
50.3 0.039
50.35 0.0374
50.4 0.0359
50.45 0.0341
50.5 0.0324
50.55 0.035
50.6 0.0376
50.65 0.0331
50.7 0.0284
50.75 0.032
50.8 0.0356
50.85 0.0323
50.9 0.0292
50.95 0.0297
51 0.0301
51.05 0.031
51.1 0.0318
51.15 0.0285
51.2 0.0252
51.25 0.0287
51.3 0.0321
51.35 0.0282
51.4 0.0242
51.45 0.0264
51.5 0.0285
51.55 0.0276
51.6 0.0267
51.65 0.0251
51.7 0.0234
51.75 0.026
51.8 0.0286
51.85 0.0248
51.9 0.0209
51.95 0.0239
52 0.027
52.05 0.0247
52.1 0.0224
52.15 0.0225
52.2 0.0224
52.25 0.0238
52.3 0.0252
52.35 0.022
52.4 0.0189
52.45 0.0221
52.5 0.0254
52.55 0.0222
52.6 0.0191
52.65 0.0206
52.7 0.0219
52.75 0.0219
52.8 0.0219
52.85 0.0198
52.9 0.0179
52.95 0.0207
53 0.0235
53.05 0.0201
53.1 0.0167
53.15 0.0191
53.2 0.0214
53.25 0.0202
53.3 0.019
53.35 0.0182
53.4 0.0174
53.45 0.0194
53.5 0.0214
53.55 0.0183
53.6 0.0152
53.65 0.018
53.7 0.0208
53.75 0.0187
53.8 0.0167
53.85 0.017
53.9 0.0173
53.95 0.0184
54 0.0195
54.05 0.0169
54.1 0.0144
54.15 0.0172
54.2 0.02
54.25 0.0174
54.3 0.0147
54.35 0.0161
54.4 0.0173
54.45 0.0174
54.5 0.0176
54.55 0.0158
54.6 0.014
54.65 0.0165
54.7 0.0192
54.75 0.0163
54.8 0.0134
54.85 0.0154
54.9 0.0173
54.95 0.0167
55 0.016
55.05 0.0149
55.1 0.0139
55.15 0.0161
55.2 0.0181
55.25 0.0154
55.3 0.0126
55.35 0.0149
55.4 0.0172
55.45 0.0158
55.5 0.0146
55.55 0.0143
55.6 0.014
55.65 0.0156
55.7 0.0171
55.75 0.0146
55.8 0.012
55.85 0.0145
55.9 0.017
55.95 0.0153
56 0.0135
56.05 0.0138
56.1 0.0141
56.15 0.0153
56.2 0.0163
56.25 0.0141
56.3 0.0118
56.35 0.0143
56.4 0.0169
56.45 0.0148
56.5 0.0127
56.55 0.0135
56.6 0.0143
56.65 0.015
56.7 0.0155
56.75 0.0136
56.8 0.0118
56.85 0.0142
56.9 0.0167
56.95 0.0145
57 0.0121
57.05 0.0134
57.1 0.0146
57.15 0.0148
57.2 0.015
57.25 0.0134
57.3 0.0119
57.35 0.0142
57.4 0.0165
57.45 0.0142
57.5 0.0118
57.55 0.0133
57.6 0.0149
57.65 0.0147
57.7 0.0145
57.75 0.0133
57.8 0.012
57.85 0.0143
57.9 0.0164
57.95 0.0141
58 0.0117
58.05 0.0134
58.1 0.0151
58.15 0.0148
58.2 0.0143
58.25 0.0133
58.3 0.0124
58.35 0.0144
58.4 0.0165
58.45 0.0142
58.5 0.0118
58.55 0.0136
58.6 0.0155
58.65 0.0149
58.7 0.0143
58.75 0.0136
58.8 0.0128
58.85 0.0147
58.9 0.0167
58.95 0.0145
59 0.0121
59.05 0.014
59.1 0.016
59.15 0.0152
59.2 0.0146
59.25 0.014
59.3 0.0133
59.35 0.0152
59.4 0.0171
59.45 0.0149
59.5 0.0127
59.55 0.0146
59.6 0.0165
59.65 0.0158
59.7 0.0152
59.75 0.0146
59.8 0.014
59.85 0.016
59.9 0.0178
59.95 0.0113
60 0.0048
60.05 0.0049
60.1 0.0048
60.15 0.0046
60.2 0.0044
60.25 0.0052
60.3 0.0059
60.35 0.0053
60.4 0.0048
60.45 0.0054
60.5 0.0059
60.55 0.006
60.6 0.0061
60.65 0.0059
60.7 0.0056
60.75 0.0064
60.8 0.0073
60.85 0.0068
60.9 0.0063
60.95 0.0069
61 0.0074
61.05 0.0077
61.1 0.0079
61.15 0.0076
61.2 0.0074
61.25 0.0083
61.3 0.0094
61.35 0.0089
61.4 0.0085
61.45 0.0091
61.5 0.0097
61.55 0.0102
61.6 0.0107
61.65 0.0104
61.7 0.0101
61.75 0.0114
61.8 0.0127
61.85 0.0123
61.9 0.012
61.95 0.0128
62 0.0135
62.05 0.0144
62.1 0.0154
62.15 0.0151
62.2 0.0148
62.25 0.0165
62.3 0.0182
62.35 0.0182
62.4 0.0183
62.45 0.0193
62.5 0.0203
62.55 0.0219
62.6 0.0236
62.65 0.0236
62.7 0.0237
62.75 0.0263
62.8 0.0288
62.85 0.0298
62.9 0.0308
62.95 0.0325
63 0.0343
63.05 0.0377
63.1 0.0411
63.15 0.0424
63.2 0.0439
63.25 0.0486
63.3 0.0534
63.35 0.0577
63.4 0.0621
63.45 0.0676
63.5 0.0732
63.55 0.0854
63.6 0.0978
63.65 0.1202
63.7 0.1427
63.75 0.1777
63.8 0.2126
63.85 0.2434
63.9 0.274
63.95 0.31
64 0.346
64.05 0.4025
64.1 0.459
64.15 0.541
64.2 0.6229
64.25 0.7621
64.3 0.9012
64.35 1.1606
64.4 1.4198
64.45 1.9669
64.5 2.514
64.55 3.5846
64.6 5.4282
64.65 8.8273
64.7 15.4919
64.75 28.7212
64.8 52.5764
64.85 85.7452
64.9 112.496
64.95 109.227
65 76.4482
65.05 42.4197
65.1 21.4547
65.15 11.3642
65.2 6.5074
65.25 4.5857
65.3 2.6641
65.35 2.0177
65.4 1.3713
65.45 1.0974
65.5 0.8235
65.55 0.6823
65.6 0.5411
65.65 0.4651
65.7 0.3892
65.75 0.3402
65.8 0.2912
65.85 0.2581
65.9 0.2249
65.95 0.2042
66 0.1835
66.05 0.1605
66.1 0.1375
66.15 0.1188
66.2 0.1001
66.25 0.0906
66.3 0.0811
66.35 0.0726
66.4 0.0643
66.45 0.0613
66.5 0.0585
66.55 0.0539
66.6 0.0493
66.65 0.0457
66.7 0.0423
66.75 0.0414
66.8 0.0405
66.85 0.0367
66.9 0.0329
66.95 0.0322
67 0.0316
67.05 0.0303
67.1 0.0291
67.15 0.0265
67.2 0.024
67.25 0.0245
67.3 0.0252
67.35 0.0231
67.4 0.021
67.45 0.0202
67.5 0.0195
67.55 0.0198
67.6 0.0201
67.65 0.0179
67.7 0.0158
67.75 0.0165
67.8 0.0171
67.85 0.0163
67.9 0.0156
67.95 0.0144
68 0.0131
68.05 0.0141
68.1 0.0152
68.15 0.0135
68.2 0.0119
68.25 0.012
68.3 0.0121
68.35 0.0124
68.4 0.0127
68.45 0.0112
68.5 0.0096
68.55 0.0106
68.6 0.0117
68.65 0.0108
68.7 0.0101
68.75 0.0094
68.8 0.0088
68.85 0.0098
68.9 0.0109
68.95 0.0094
69 0.0079
69.05 0.0084
69.1 0.0089
69.15 0.0091
69.2 0.0093
69.25 0.0081
69.3 0.0068
69.35 0.0079
69.4 0.009
69.45 0.0082
69.5 0.0074
69.55 0.007
69.6 0.0067
69.65 0.0077
69.7 0.0087
69.75 0.0072
69.8 0.0059
69.85 0.0066
69.9 0.0072
69.95 0.0073
70 0.0075
70.05 0.0064
70.1 0.0053
70.15 0.0065
70.2 0.0078
70.25 0.0069
70.3 0.0061
70.35 0.0058
70.4 0.0056
70.45 0.0065
70.5 0.0075
70.55 0.0062
70.6 0.0049
70.65 0.0057
70.7 0.0064
70.75 0.0064
70.8 0.0066
70.85 0.0056
70.9 0.0045
70.95 0.0057
71 0.007
71.05 0.0062
71.1 0.0053
71.15 0.0052
71.2 0.0049
71.25 0.0059
71.3 0.0069
71.35 0.0056
71.4 0.0044
71.45 0.0051
71.5 0.0059
71.55 0.006
71.6 0.0062
71.65 0.0051
71.7 0.0041
71.75 0.0053
71.8 0.0066
71.85 0.0058
71.9 0.0051
71.95 0.0049
72 0.0046
72.05 0.0057
72.1 0.0067
72.15 0.0055
72.2 0.0043
72.25 0.0049
72.3 0.0055
72.35 0.0058
72.4 0.0063
72.45 0.0051
72.5 0.004
72.55 0.0052
72.6 0.0065
72.65 0.0059
72.7 0.0054
72.75 0.0049
72.8 0.0044
72.85 0.0056
72.9 0.0068
72.95 0.0056
73 0.0045
73.05 0.0049
73.1 0.0053
73.15 0.006
73.2 0.0067
73.25 0.0054
73.3 0.0041
73.35 0.0052
73.4 0.0064
73.45 0.0061
73.5 0.006
73.55 0.0051
73.6 0.0044
73.65 0.0057
73.7 0.0071
73.75 0.0061
73.8 0.0052
73.85 0.0052
73.9 0.0053
73.95 0.0062
74 0.0073
74.05 0.006
74.1 0.0047
74.15 0.0055
74.2 0.0063
74.25 0.0066
74.3 0.007
74.35 0.0058
74.4 0.0047
74.45 0.0061
74.5 0.0074
74.55 0.0069
74.6 0.0064
74.65 0.0058
74.7 0.0054
74.75 0.0068
74.8 0.0082
74.85 0.0069
74.9 0.0058
74.95 0.0061
75 0.0064
75.05 0.0074
75.1 0.0084
75.15 0.007
75.2 0.0055
75.25 0.0067
75.3 0.0078
75.35 0.008
75.4 0.0081
75.45 0.007
75.5 0.0059
75.55 0.0075
75.6 0.0091
75.65 0.0083
75.7 0.0077
75.75 0.0073
75.8 0.0068
75.85 0.0084
75.9 0.0099
75.95 0.0087
76 0.0074
76.05 0.0078
76.1 0.0083
76.15 0.0094
76.2 0.0105
76.25 0.009
76.3 0.0075
76.35 0.0087
76.4 0.01
76.45 0.0104
76.5 0.0107
76.55 0.0094
76.6 0.0081
76.65 0.01
76.7 0.0117
76.75 0.0113
76.8 0.0107
76.85 0.0101
76.9 0.0095
76.95 0.0114
77 0.0133
77.05 0.0129
77.1 0.0109
77.15 0.0112
77.2 0.0114
77.25 0.0131
77.3 0.0147
77.35 0.0131
77.4 0.0115
77.45 0.0127
77.5 0.0139
77.55 0.0149
77.6 0.0159
77.65 0.0143
77.7 0.0128
77.75 0.0148
77.8 0.0167
77.85 0.0169
77.9 0.0172
77.95 0.016
78 0.0149
78.05 0.0173
78.1 0.0199
78.15 0.0192
78.2 0.0187
78.25 0.0184
78.3 0.0181
78.35 0.0207
78.4 0.0234
78.45 0.0221
78.5 0.0208
78.55 0.0216
78.6 0.0224
78.65 0.0248
78.7 0.0273
78.75 0.0257
78.8 0.0242
78.85 0.0261
78.9 0.0281
78.95 0.0301
79 0.0321
79.05 0.0306
79.1 0.0291
79.15 0.0323
79.2 0.0355
79.25 0.037
79.3 0.0385
79.35 0.0376
79.4 0.0367
79.45 0.0415
79.5 0.0463
79.55 0.0471
79.6 0.0479
79.65 0.0485
79.7 0.0492
79.75 0.0547
79.8 0.0601
79.85 0.0609
79.9 0.0617
79.95 0.0643
80 0.067
80.05 0.0739
80.1 0.0808
80.15 0.0825
80.2 0.0841
80.25 0.0899
80.3 0.0957
80.35 0.1052
80.4 0.1147
80.45 0.1193
80.5 0.1237
80.55 0.1356
80.6 0.1474
80.65 0.1634
80.7 0.1794
80.75 0.1945
80.8 0.2095
80.85 0.2464
80.9 0.2833
80.95 0.3595
81 0.4357
81.05 0.5129
81.1 0.59
81.15 0.6769
81.2 0.7637
81.25 0.8771
81.3 0.9905
81.35 1.1537
81.4 1.3167
81.45 1.5571
81.5 1.8724
81.55 2.2856
81.6 2.84
81.65 3.8014
81.7 4.7628
81.75 7.0743
81.8 9.3857
81.85 14.5104
81.9 23.3094
81.95 40.9204
82 75.5858
82.05 136.454
82.1 214.509
82.15 263.025
82.2 234.546
82.25 153.782
82.3 83.3211
82.35 43.8239
82.4 23.8549
82.45 14.1472
82.5 9.0115
82.55 6.0975
82.6 4.3407
82.65 3.4155
82.7 2.4904
82.75 2.0461
82.8 1.602
82.85 1.3523
82.9 1.1027
82.95 0.9608
83 0.819
83.05 0.7256
83.1 0.6322
83.15 0.5609
83.2 0.4896
83.25 0.4379
83.3 0.3862
83.35 0.3328
83.4 0.2795
83.45 0.2444
83.5 0.2094
83.55 0.1945
83.6 0.1794
83.65 0.1662
83.7 0.153
83.75 0.1391
83.8 0.1251
83.85 0.1202
83.9 0.1154
83.95 0.1084
84 0.1013
84.05 0.0929
84.1 0.0844
84.15 0.0829
84.2 0.0813
84.25 0.0768
84.3 0.0723
84.35 0.0666
84.4 0.0608
84.45 0.0608
84.5 0.0609
84.55 0.0576
84.6 0.0542
84.65 0.0501
84.7 0.0459
84.75 0.0467
84.8 0.0475
84.85 0.0449
84.9 0.0422
84.95 0.0391
85 0.036
85.05 0.0372
85.1 0.0383
85.15 0.0362
85.2 0.0338
85.25 0.0315
85.3 0.0291
85.35 0.0304
85.4 0.0318
85.45 0.0298
85.5 0.0278
85.55 0.026
85.6 0.024
85.65 0.0255
85.7 0.027
85.75 0.0251
85.8 0.0233
85.85 0.0218
85.9 0.0202
85.95 0.0217
86 0.0232
86.05 0.0215
86.1 0.0198
86.15 0.0186
86.2 0.0174
86.25 0.0188
86.3 0.0203
86.35 0.0188
86.4 0.0172
86.45 0.0162
86.5 0.0151
86.55 0.0166
86.6 0.0179
86.65 0.0165
86.7 0.0151
86.75 0.0143
86.8 0.0133
86.85 0.0147
86.9 0.016
86.95 0.0148
87 0.0135
87.05 0.0127
87.1 0.0118
87.15 0.0132
87.2 0.0145
87.25 0.0134
87.3 0.0122
87.35 0.0114
87.4 0.0106
87.45 0.012
87.5 0.0133
87.55 0.0123
87.6 0.0111
87.65 0.0104
87.7 0.0096
87.75 0.0109
87.8 0.0122
87.85 0.0112
87.9 0.0102
87.95 0.0095
88 0.0088
88.05 0.0101
88.1 0.0113
88.15 0.0105
88.2 0.0096
88.25 0.0089
88.3 0.008
88.35 0.0092
88.4 0.0105
88.45 0.0098
88.5 0.009
88.55 0.0083
88.6 0.0074
88.65 0.0087
88.7 0.0099
88.75 0.0093
88.8 0.0086
88.85 0.0078
88.9 0.0069
88.95 0.0081
89 0.0093
89.05 0.0088
89.1 0.0083
89.15 0.0074
89.2 0.0065
89.25 0.0076
89.3 0.0087
89.35 0.0084
89.4 0.0082
89.45 0.0072
89.5 0.0061
89.55 0.0072
89.6 0.0082
89.65 0.0082
89.7 0.008
89.75 0.007
89.8 0.0059
89.85 0.0068
89.9 0.0078
89.95 0.0078
90 0.008
90.05 0.0068
90.1 0.0057
90.15 0.0065
90.2 0.0073
90.25 0.0076
90.3 0.0079
90.35 0.0068
90.4 0.0057
90.45 0.0063
90.5 0.0069
90.55 0.0074
90.6 0.0079
90.65 0.0068
90.7 0.0057
90.75 0.0062
90.8 0.0066
90.85 0.0073
90.9 0.0079
90.95 0.0069
91 0.0058
91.05 0.006
91.1 0.0063
91.15 0.0071
91.2 0.0079
91.25 0.007
91.3 0.006
91.35 0.0061
91.4 0.0061
91.45 0.007
91.5 0.0079
91.55 0.0071
91.6 0.0063
91.65 0.0061
91.7 0.0059
91.75 0.0069
91.8 0.0079
91.85 0.0074
91.9 0.0067
91.95 0.0063
92 0.0058
92.05 0.0068
92.1 0.0078
92.15 0.0075
92.2 0.0072
92.25 0.0065
92.3 0.0059
92.35 0.0069
92.4 0.0078
92.45 0.0078
92.5 0.0077
92.55 0.0069
92.6 0.0061
92.65 0.0069
92.7 0.0077
92.75 0.008
92.8 0.0083
92.85 0.0074
92.9 0.0064
92.95 0.0071
93 0.0076
93.05 0.0083
93.1 0.0088
93.15 0.008
93.2 0.0071
93.25 0.0075
93.3 0.0077
93.35 0.0086
93.4 0.0094
93.45 0.0088
93.5 0.0079
93.55 0.0084
93.6 0.0087
93.65 0.0096
93.7 0.0106
93.75 0.0102
93.8 0.0097
93.85 0.0094
93.9 0.0091
93.95 0.0102
94 0.0111
94.05 0.0111
94.1 0.0109
94.15 0.0104
94.2 0.01
94.25 0.0108
94.3 0.0117
94.35 0.0121
94.4 0.0124
94.45 0.0118
94.5 0.0112
94.55 0.0119
94.6 0.0126
94.65 0.0133
94.7 0.0141
94.75 0.0135
94.8 0.0129
94.85 0.0133
94.9 0.0138
94.95 0.0149
95 0.0159
95.05 0.0156
95.1 0.0153
95.15 0.0154
95.2 0.0154
95.25 0.0168
95.3 0.0182
95.35 0.0183
95.4 0.0184
95.45 0.0183
95.5 0.0181
95.55 0.0196
95.6 0.0209
95.65 0.0217
95.7 0.0225
95.75 0.0224
95.8 0.0223
95.85 0.0236
95.9 0.0249
95.95 0.0264
96 0.028
96.05 0.0282
96.1 0.0283
96.15 0.0296
96.2 0.0307
96.25 0.0332
96.3 0.0356
96.35 0.0366
96.4 0.0376
96.45 0.039
96.5 0.0402
96.55 0.0435
96.6 0.0468
96.65 0.0494
96.7 0.0521
96.75 0.0542
96.8 0.0563
96.85 0.0609
96.9 0.0655
96.95 0.071
97 0.0765
97.05 0.0813
97.1 0.0861
97.15 0.0938
97.2 0.1014
97.25 0.1132
97.3 0.1249
97.35 0.1396
97.4 0.1543
97.45 0.1787
97.5 0.2031
97.55 0.2408
97.6 0.2785
97.65 0.3216
97.7 0.3647
97.75 0.4199
97.8 0.475
97.85 0.5602
97.9 0.6455
97.95 0.7835
98 0.9216
98.05 1.159
98.1 1.3964
98.15 1.8582
98.2 2.32
98.25 3.1268
98.3 4.3623
98.35 6.323
98.4 9.5473
98.45 14.9971
98.5 24.2346
98.55 39.2576
98.6 60.0054
98.65 82.053
98.7 94.6174
98.75 89.3057
98.8 70.0451
98.85 47.9152
98.9 30.6457
98.95 19.406
99 12.5724
99.05 9.2303
99.1 5.8881
99.15 4.5345
99.2 3.1809
99.25 2.5566
99.3 1.9323
99.35 1.6085
99.4 1.2846
99.45 1.0961
99.5 0.9075
99.55 0.7889
99.6 0.6703
99.65 0.5922
99.7 0.5141
99.75 0.4536
99.8 0.393
99.85 0.3348
99.9 0.2765
99.95 0.2335
100 0.1904
100.05 0.168
100.1 0.1458
100.15 0.1311
100.2 0.1164
100.25 0.1058
100.3 0.0954
100.35 0.0895
100.4 0.0836
100.45 0.0785
100.5 0.0733
100.55 0.0677
100.6 0.062
100.65 0.0587
100.7 0.0554
100.75 0.0534
100.8 0.0515
100.85 0.0483
100.9 0.0451
100.95 0.0423
101 0.0395
101.05 0.0387
101.1 0.038
101.15 0.0365
101.2 0.0351
101.25 0.0328
101.3 0.0304
101.35 0.0294
101.4 0.0286
101.45 0.0285
101.5 0.0282
101.55 0.0266
101.6 0.025
101.65 0.0237
101.7 0.0224
101.75 0.0225
101.8 0.0228
101.85 0.0222
101.9 0.0215
101.95 0.019
102 0.0165
102.05 0.0168
102.1 0.0172
102.15 0.017
102.2 0.0168
102.25 0.0153
102.3 0.014
102.35 0.0138
102.4 0.0136
102.45 0.014
102.5 0.0146
102.55 0.0136
102.6 0.0127
102.65 0.0119
102.7 0.0111
102.75 0.0116
102.8 0.0121
102.85 0.012
102.9 0.0119
102.95 0.0108
103 0.0097
103.05 0.0098
103.1 0.0098
103.15 0.0103
103.2 0.0108
103.25 0.0101
103.3 0.0094
103.35 0.0087
103.4 0.0081
103.45 0.0087
103.5 0.0093
103.55 0.0092
103.6 0.0093
103.65 0.0083
103.7 0.0074
103.75 0.0075
103.8 0.0075
103.85 0.0081
103.9 0.0086
103.95 0.008
104 0.0075
104.05 0.007
104.1 0.0064
104.15 0.0069
104.2 0.0075
104.25 0.0075
104.3 0.0077
104.35 0.0068
104.4 0.006
104.45 0.0062
104.5 0.0062
104.55 0.0068
104.6 0.0074
104.65 0.0069
104.7 0.0064
104.75 0.0059
104.8 0.0053
104.85 0.0058
104.9 0.0063
104.95 0.0065
105 0.0067
105.05 0.0061
105.1 0.0053
105.15 0.0053
105.2 0.0052
105.25 0.0058
105.3 0.0064
105.35 0.0062
105.4 0.0059
105.45 0.0053
105.5 0.0047
105.55 0.0051
105.6 0.0054
105.65 0.0058
105.7 0.0062
105.75 0.0057
105.8 0.005
105.85 0.0049
105.9 0.0046
105.95 0.0052
106 0.0058
106.05 0.0057
106.1 0.0057
106.15 0.0051
106.2 0.0045
106.25 0.0046
106.3 0.0049
106.35 0.0053
106.4 0.0059
106.45 0.0055
106.5 0.0051
106.55 0.0047
106.6 0.0043
106.65 0.0048
106.7 0.0053
106.75 0.0055
106.8 0.0058
106.85 0.0052
106.9 0.0046
106.95 0.0045
107 0.0045
107.05 0.005
107.1 0.0056
107.15 0.0055
107.2 0.0055
107.25 0.0049
107.3 0.0044
107.35 0.0047
107.4 0.0049
107.45 0.0053
107.5 0.0059
107.55 0.0055
107.6 0.0051
107.65 0.0048
107.7 0.0044
107.75 0.0049
107.8 0.0054
107.85 0.0056
107.9 0.0059
107.95 0.0053
108 0.0048
108.05 0.0048
108.1 0.0048
108.15 0.0053
108.2 0.0059
108.25 0.0058
108.3 0.0058
108.35 0.0053
108.4 0.0048
108.45 0.0051
108.5 0.0053
108.55 0.0058
108.6 0.0063
108.65 0.0061
108.7 0.0058
108.75 0.0054
108.8 0.005
108.85 0.0055
108.9 0.006
108.95 0.0064
109 0.0067
109.05 0.0063
109.1 0.0058
109.15 0.0056
109.2 0.0055
109.25 0.0061
109.3 0.0067
109.35 0.0069
109.4 0.007
109.45 0.0065
109.5 0.0061
109.55 0.0062
109.6 0.0062
109.65 0.0069
109.7 0.0076
109.75 0.0075
109.8 0.0074
109.85 0.007
109.9 0.0066
109.95 0.0069
110 0.0072
110.05 0.0078
110.1 0.0084
110.15 0.0082
110.2 0.008
110.25 0.0076
110.3 0.0074
110.35 0.0079
110.4 0.0084
110.45 0.0089
110.5 0.0094
110.55 0.0092
110.6 0.0088
110.65 0.0086
110.7 0.0085
110.75 0.0091
110.8 0.0098
110.85 0.0103
110.9 0.0107
110.95 0.0103
111 0.01
111.05 0.01
111.1 0.0101
111.15 0.0109
111.2 0.0116
111.25 0.012
111.3 0.0123
111.35 0.012
111.4 0.0116
111.45 0.0118
111.5 0.0122
111.55 0.0131
111.6 0.0139
111.65 0.0143
111.7 0.0145
111.75 0.0143
111.8 0.0141
111.85 0.0146
111.9 0.015
111.95 0.016
112 0.0171
112.05 0.0174
112.1 0.0177
112.15 0.0176
112.2 0.0175
112.25 0.0182
112.3 0.0191
112.35 0.0202
112.4 0.0215
112.45 0.0219
112.5 0.0223
112.55 0.0224
112.6 0.0226
112.65 0.0238
112.7 0.0249
112.75 0.0264
112.8 0.028
112.85 0.0286
112.9 0.0293
112.95 0.0299
113 0.0304
113.05 0.0322
113.1 0.0339
113.15 0.036
113.2 0.0381
113.25 0.0393
113.3 0.0405
113.35 0.0419
113.4 0.0433
113.45 0.046
113.5 0.0487
113.55 0.0519
113.6 0.055
113.65 0.0576
113.7 0.0601
113.75 0.063
113.8 0.066
113.85 0.0707
113.9 0.0755
113.95 0.0812
114 0.0868
114.05 0.0924
114.1 0.098
114.15 0.1049
114.2 0.1117
114.25 0.1216
114.3 0.1316
114.35 0.1442
114.4 0.1569
114.45 0.1718
114.5 0.1869
114.55 0.207
114.6 0.227
114.65 0.2567
114.7 0.2863
114.75 0.3284
114.8 0.3706
114.85 0.428
114.9 0.4855
114.95 0.5644
115 0.6433
115.05 0.756
115.1 0.8686
115.15 1.0365
115.2 1.2043
115.25 1.4676
115.3 1.731
115.35 2.1716
115.4 2.6122
115.45 3.2778
115.5 4.1738
115.55 5.6154
115.6 7.0572
115.65 9.7662
115.7 12.4754
115.75 16.7156
115.8 22.32
115.85 29.4927
115.9 37.8149
115.95 46.7431
116 54.8543
116.05 60.2891
116.1 61.7398
116.15 58.6423
116.2 52.0267
116.25 43.4475
116.3 34.6338
116.35 26.8011
116.4 20.2189
116.45 15.2398
116.5 11.3793
116.55 8.5852
116.6 6.5401
116.65 5.2409
116.7 3.9417
116.75 3.2275
116.8 2.5133
116.85 2.1026
116.9 1.6921
116.95 1.4417
117 1.1914
117.05 1.0291
117.1 0.8669
117.15 0.7562
117.2 0.6455
117.25 0.5668
117.3 0.488
117.35 0.4308
117.4 0.3736
117.45 0.3324
117.5 0.2912
117.55 0.2622
117.6 0.2332
117.65 0.213
117.7 0.1927
117.75 0.1775
117.8 0.1622
117.85 0.1498
117.9 0.1372
117.95 0.1273
118 0.1173
118.05 0.11
118.1 0.1028
118.15 0.097
118.2 0.0911
118.25 0.0857
118.3 0.0802
118.35 0.0754
118.4 0.0706
118.45 0.0671
118.5 0.0636
118.55 0.061
118.6 0.0583
118.65 0.0555
118.7 0.0527
118.75 0.05
118.8 0.0472
118.85 0.0452
118.9 0.0431
118.95 0.0418
119 0.0404
119.05 0.0388
119.1 0.0374
119.15 0.0356
119.2 0.0339
119.25 0.0325
119.3 0.0312
119.35 0.0303
119.4 0.0296
119.45 0.0287
119.5 0.028
119.55 0.0268
119.6 0.0256
119.65 0.0246
119.7 0.0236
119.75 0.023
119.8 0.0225
119.85 0.0221
119.9 0.0217
119.95 0.021
120 0.0203
120.05 0.0195
120.1 0.0185
120.15 0.0181
120.2 0.0176
120.25 0.0174
120.3 0.0173
120.35 0.0169
120.4 0.0165
120.45 0.0159
120.5 0.0152
120.55 0.0147
120.6 0.0143
120.65 0.0141
120.7 0.0141
120.75 0.0139
120.8 0.0137
120.85 0.0132
120.9 0.0128
120.95 0.0123
121 0.0118
121.05 0.0118
121.1 0.0116
121.15 0.0116
121.2 0.0116
121.25 0.0113
121.3 0.011
121.35 0.0105
121.4 0.0102
121.45 0.0099
121.5 0.0098
121.55 0.0098
121.6 0.0099
121.65 0.0097
121.7 0.0096
121.75 0.0092
121.8 0.0089
121.85 0.0086
121.9 0.0084
121.95 0.0084
122 0.0084
122.05 0.0084
122.1 0.0085
122.15 0.0081
122.2 0.0079
122.25 0.0077
122.3 0.0074
122.35 0.0073
122.4 0.0072
122.45 0.0073
122.5 0.0074
122.55 0.0073
122.6 0.0072
122.65 0.0069
122.7 0.0067
122.75 0.0064
122.8 0.0063
122.85 0.0064
122.9 0.0064
122.95 0.0061
123 0.0057
123.05 0.0056
123.1 0.0056
123.15 0.0054
123.2 0.0052
123.25 0.005
123.3 0.0047
123.35 0.0048
123.4 0.0047
123.45 0.0049
123.5 0.005
123.55 0.0049
123.6 0.0048
123.65 0.0046
123.7 0.0043
123.75 0.0042
123.8 0.0041
123.85 0.0043
123.9 0.0043
123.95 0.0044
124 0.0044
124.05 0.0043
124.1 0.0041
124.15 0.0039
124.2 0.0037
124.25 0.0037
124.3 0.0037
124.35 0.0039
124.4 0.004
124.45 0.0039
124.5 0.0039
124.55 0.0037
124.6 0.0035
124.65 0.0034
124.7 0.0033
124.75 0.0033
124.8 0.0034
124.85 0.0036
124.9 0.0036
124.95 0.0035
125 0.0035
125.05 0.0033
125.1 0.0031
125.15 0.003
125.2 0.003
125.25 0.003
125.3 0.0031
125.35 0.0032
125.4 0.0033
125.45 0.0032
125.5 0.003
125.55 0.0029
125.6 0.0027
125.65 0.0027
125.7 0.0027
125.75 0.0028
125.8 0.0029
125.85 0.003
125.9 0.003
125.95 0.0028
126 0.0027
126.05 0.0025
126.1 0.0024
126.15 0.0025
126.2 0.0024
126.25 0.0026
126.3 0.0028
126.35 0.0027
126.4 0.0027
126.45 0.0025
126.5 0.0024
126.55 0.0023
126.6 0.0022
126.65 0.0023
126.7 0.0023
126.75 0.0025
126.8 0.0026
126.85 0.0025
126.9 0.0025
126.95 0.0023
127 0.0022
127.05 0.0021
127.1 0.002
127.15 0.0021
127.2 0.0022
127.25 0.0022
127.3 0.0024
127.35 0.0023
127.4 0.0023
127.45 0.0021
127.5 0.002
127.55 0.0019
127.6 0.0019
127.65 0.0019
127.7 0.002
127.75 0.0021
127.8 0.0022
127.85 0.0021
127.9 0.0021
127.95 0.0019
128 0.0018
128.05 0.0017
128.1 0.0017
128.15 0.0018
128.2 0.0019
128.25 0.002
128.3 0.0021
128.35 0.002
128.4 0.0019
128.45 0.0018
128.5 0.0017
128.55 0.0016
128.6 0.0016
128.65 0.0017
128.7 0.0018
128.75 0.0019
128.8 0.0019
128.85 0.0019
128.9 0.0019
128.95 0.0017
129 0.0015
129.05 0.0015
129.1 0.0015
129.15 0.0016
129.2 0.0017
129.25 0.0017
129.3 0.0018
129.35 0.0018
129.4 0.0018
129.45 0.0016
129.5 0.0015
129.55 0.0014
129.6 0.0014
129.65 0.0014
129.7 0.0015
129.75 0.0016
129.8 0.0017
129.85 0.0017
129.9 0.0017
129.95 0.0118
130 0.0217
