30	8.095133124
31	8.092641365
32	8.090139421
33	8.087627293
34	8.085104981
35	8.082572484
36	8.080029803
37	8.077476938
38	8.074913889
39	8.072340655
40	8.069757237
41	8.067163635
42	8.064559849
43	8.061945878
44	8.059321723
45	8.056687384
46	8.05404286
47	8.051388153
48	8.048723261
49	8.046048184
50	8.043362924
51	8.040667479
52	8.03796185
53	8.035246037
54	8.032520039
55	8.029783858
56	8.027037492
57	8.024280941
58	8.021514207
59	8.018737288
60	8.015950185
61	8.013152897
62	8.010345426
63	8.00752777
64	8.00469993
65	8.001861905
66	7.999013697
67	7.996155304
68	7.993286727
69	7.990407965
70	7.98751902
71	7.98461989
72	7.981710575
73	7.978791077
74	7.975861394
75	7.972921527
76	7.969971476
77	7.96701124
78	7.964040821
79	7.961060217
80	7.958069428
81	7.955068456
82	7.952057299
83	7.949035958
84	7.946004433
85	7.942962723
86	7.939910829
87	7.936848751
88	7.933776489
89	7.930694042
90	7.927601411
91	7.924498596
92	7.921385597
93	7.918262413
94	7.915129045
95	7.911985493
96	7.908831756
97	7.905667836
98	7.902493731
99	7.899309441
100	7.896114968
101	7.89291031
102	7.889695468
103	7.886470442
104	7.883235231
105	7.879989837
106	7.876734258
107	7.873468494
108	7.870192547
109	7.866906415
110	7.863610099
111	7.860303598
112	7.856986914
113	7.853660045
114	7.850322992
115	7.846975754
116	7.843618333
117	7.840250727
118	7.836872937
119	7.833484962
120	7.830086804
121	7.826678461
122	7.823259933
123	7.819831222
124	7.816392326
125	7.812943246
126	7.809483982
127	7.806014533
128	7.802534901
129	7.799045084
130	7.795545082
131	7.792034897
132	7.788514527
133	7.784983973
134	7.781443235
135	7.777892312
136	7.774331205
137	7.770759914
138	7.767178439
139	7.763586779
140	7.759984935
141	7.756372907
142	7.752750695
143	7.749118298
144	7.745475717
145	7.741822952
146	7.738160002
147	7.734486869
148	7.730803551
149	7.727110048
150	7.723406362
151	7.719692491
152	7.715968436
153	7.712234197
154	7.708489773
155	7.704735166
156	7.700970374
157	7.697195397
158	7.693410237
159	7.689614892
160	7.685809363
161	7.681993649
162	7.678167752
163	7.67433167
164	7.670485404
165	7.666628953
166	7.662762319
167	7.6588855
168	7.654998497
169	7.651101309
170	7.647193938
171	7.643276382
172	7.639348641
173	7.635410717
174	7.631462608
175	7.627504315
176	7.623535838
177	7.619557177
178	7.615568331
179	7.611569301
180	7.607560086
181	7.603540688
182	7.599511105
183	7.595471338
184	7.591421387
185	7.587361251
186	7.583290931
187	7.579210427
188	7.575119739
189	7.571018866
190	7.566907809
191	7.562786568
192	7.558655143
193	7.554513533
194	7.550361739
195	7.546199761
196	7.542027598
197	7.537845252
198	7.533652721
199	7.529450006
200	7.525237106
201	7.521014022
202	7.516780754
203	7.512537302
204	7.508283666
205	7.504019845
206	7.49974584
207	7.49546165
208	7.491167277
209	7.486862719
210	7.482547977
211	7.478223051
212	7.47388794
213	7.469542645
214	7.465187166
215	7.460821503
216	7.456445655
217	7.452059623
218	7.447663407
219	7.443257006
220	7.438840422
221	7.434413653
222	7.4299767
223	7.425529562
224	7.42107224
225	7.416604734
226	7.412127044
227	7.40763917
228	7.403141111
229	7.398632868
230	7.39411444
231	7.389585829
232	7.385047033
233	7.380498053
234	7.375938889
235	7.37136954
236	7.366790007
237	7.36220029
238	7.357600389
239	7.352990303
240	7.348370033
241	7.343739579
242	7.339098941
243	7.334448118
244	7.329787111
245	7.32511592
246	7.320434545
247	7.315742985
248	7.311041241
249	7.306329313
250	7.3016072
251	7.296874903
252	7.292132422
253	7.287379757
254	7.282616908
255	7.277843874
256	7.273060656
257	7.268267253
258	7.263463667
259	7.258649896
260	7.253825941
261	7.248991802
262	7.244147478
263	7.23929297
264	7.234428278
265	7.229553402
266	7.224668341
267	7.219773096
268	7.214867667
269	7.209952053
270	7.205026256
271	7.200090274
272	7.195144108
273	7.190187757
274	7.185221222
275	7.180244503
276	7.1752576
277	7.170260513
278	7.165253241
279	7.160235785
280	7.155208145
281	7.15017032
282	7.145122311
283	7.140064118
284	7.134995741
285	7.129917179
286	7.124828433
287	7.119729503
288	7.114620389
289	7.10950109
290	7.104371607
291	7.09923194
292	7.094082089
293	7.088922053
294	7.083751833
295	7.078571429
296	7.073380841
297	7.068180068
298	7.062969111
299	7.05774797
300	7.052516644
301	7.047275134
302	7.04202344
303	7.036761562
304	7.0314895
305	7.026207253
306	7.020914822
307	7.015612206
308	7.010299407
309	7.004976423
310	6.999643255
311	6.994299903
312	6.988946366
313	6.983582645
314	6.97820874
315	6.972824651
316	6.967430377
317	6.962025919
318	6.956611277
319	6.95118645
320	6.94575144
321	6.940306245
322	6.934850866
323	6.929385302
324	6.923909554
325	6.918423622
326	6.912927506
327	6.907421206
328	6.901904721
329	6.896378052
330	6.890841199
331	6.885294161
332	6.879736939
333	6.874169533
334	6.868591943
335	6.863004168
336	6.857406209
337	6.851798066
338	6.846179739
339	6.840551227
340	6.834912531
341	6.829263651
342	6.823604587
343	6.817935338
344	6.812255905
345	6.806566288
346	6.800866487
347	6.795156501
348	6.789436331
349	6.783705977
350	6.777965438
351	6.772214715
352	6.766453808
353	6.760682717
354	6.754901442
355	6.749109982
356	6.743308338
357	6.73749651
358	6.731674497
359	6.7258423
360	6.719999919
361	6.714147354
362	6.708284604
363	6.70241167
364	6.696528552
365	6.69063525
366	6.684731763
367	6.678818092
368	6.672894237
369	6.666960198
370	6.661015974
371	6.655061566
372	6.649096974
373	6.643122197
374	6.637137236
375	6.631142091
376	6.625136762
377	6.619121249
378	6.613095551
379	6.607059669
380	6.601013603
381	6.594957352
382	6.588890917
383	6.582814298
384	6.576727495
385	6.570630507
386	6.564523335
387	6.558405979
388	6.552278439
389	6.546140714
390	6.539992805
391	6.533834712
392	6.527666435
393	6.521487973
394	6.515299327
395	6.509100497
396	6.502891483
397	6.496672284
398	6.490442901
399	6.484203334
400	6.477953582
401	6.471693647
402	6.465423527
403	6.459143222
404	6.452852734
405	6.446552061
406	6.440241204
407	6.433920163
408	6.427588937
409	6.421247527
410	6.414895933
411	6.408534155
412	6.402162192
413	6.395780045
414	6.389387714
415	6.382985199
416	6.376572499
417	6.370149615
418	6.363716547
419	6.357273295
420	6.350819858
421	6.344356237
422	6.337882432
423	6.331398442
424	6.324904269
425	6.318399911
426	6.311885368
427	6.305360642
428	6.298825731
429	6.292280636
430	6.285725357
431	6.279159893
432	6.272584245
433	6.265998413
434	6.259402397
435	6.252796196
436	6.246179811
437	6.239553242
438	6.232916489
439	6.226269551
440	6.21961243
441	6.212945123
442	6.206267633
443	6.199579958
444	6.192882099
445	6.186174056
446	6.179455829
447	6.172727417
448	6.165988821
449	6.159240041
450	6.152481076
451	6.145711928
452	6.138932595
453	6.132143077
454	6.125343376
455	6.11853349
456	6.11171342
457	6.104883166
458	6.098042727
459	6.091192104
460	6.084331297
461	6.077460306
462	6.07057913
463	6.06368777
464	6.056786226
465	6.049874498
466	6.042952585
467	6.036020488
468	6.029078207
469	6.022125742
470	6.015163092
471	6.008190258
472	6.00120724
473	5.994214037
474	5.987210651
475	5.98019708
476	5.973173324
477	5.966139385
478	5.959095261
479	5.952040953
480	5.944976461
481	5.937901784
482	5.930816923
483	5.923721878
484	5.916616649
485	5.909501235
486	5.902375638
487	5.895239855
488	5.888093889
489	5.880937738
490	5.873771404
491	5.866594884
492	5.859408181
493	5.852211293
494	5.845004221
495	5.837786965
496	5.830559525
497	5.8233219
498	5.816074091
499	5.808816098
500	5.80154792
501	5.794269559
502	5.786981013
503	5.779682282
504	5.772373368
505	5.765054269
506	5.757724986
507	5.750385519
508	5.743035867
509	5.735676031
510	5.728306011
511	5.720925807
512	5.713535418
513	5.706134845
514	5.698724088
515	5.691303147
516	5.683872021
517	5.676430711
518	5.668979217
519	5.661517539
520	5.654045676
521	5.646563629
522	5.639071398
523	5.631568982
524	5.624056383
525	5.616533599
526	5.60900063
527	5.601457478
528	5.593904141
529	5.58634062
530	5.578766915
531	5.571183025
532	5.563588951
533	5.555984693
534	5.548370251
535	5.540745624
536	5.533110814
537	5.525465818
538	5.517810639
539	5.510145275
540	5.502469728
541	5.494783995
542	5.487088079
543	5.479381978
544	5.471665693
545	5.463939224
546	5.456202571
547	5.448455733
548	5.440698711
549	5.432931505
550	5.425154114
551	5.41736654
552	5.409568781
553	5.401760837
554	5.39394271
555	5.386114398
556	5.378275902
557	5.370427222
558	5.362568357
559	5.354699308
560	5.346820075
561	5.338930658
562	5.331031056
563	5.32312127
564	5.3152013
565	5.307271146
566	5.299330807
567	5.291380284
568	5.283419577
569	5.275448686
570	5.26746761
571	5.25947635
572	5.251474906
573	5.243463277
574	5.235441465
575	5.227409468
576	5.219367286
577	5.211314921
578	5.203252371
579	5.195179637
580	5.187096719
581	5.179003616
582	5.170900329
583	5.162786858
584	5.154663203
585	5.146529363
586	5.13838534
587	5.130231132
588	5.122066739
589	5.113892163
590	5.105707402
591	5.097512457
592	5.089307327
593	5.081092013
594	5.072866515
595	5.064630833
596	5.056384967
597	5.048128916
598	5.039862681
599	5.031586262
600	5.023299658
601	5.015002871
602	5.006695899
603	4.998378742
604	4.990051402
605	4.981713877
606	4.973366168
607	4.965008275
608	4.956640197
609	4.948261935
610	4.939873489
611	4.931474859
612	4.923066044
613	4.914647045
614	4.906217862
615	4.897778495
616	4.889328943
617	4.880869207
618	4.872399287
619	4.863919183
620	4.855428894
621	4.846928421
622	4.838417764
623	4.829896922
624	4.821365897
625	4.812824687
626	4.804273292
627	4.795711714
628	4.787139951
629	4.778558004
630	4.769965873
631	4.761363557
632	4.752751058
633	4.744128373
634	4.735495505
635	4.726852453
636	4.718199216
637	4.709535795
638	4.700862189
639	4.6921784
640	4.683484426
641	4.674780268
642	4.666065925
643	4.657341398
644	4.648606688
645	4.639861792
646	4.631106713
647	4.622341449
648	4.613566001
649	4.604780369
650	4.595984553