40 0.08
40.05 0.0821
40.1 0.0842
40.15 0.0864
40.2 0.0887
40.25 0.0909
40.3 0.0933
40.35 0.0957
40.4 0.0982
40.45 0.1007
40.5 0.1033
40.55 0.106
40.6 0.1087
40.65 0.1116
40.7 0.1145
40.75 0.1177
40.8 0.1208
40.85 0.1244
40.9 0.1278
40.95 0.1315
41 0.1354
41.05 0.1395
41.1 0.1439
41.15 0.1487
41.2 0.1535
41.25 0.1588
41.3 0.1642
41.35 0.17
41.4 0.1763
41.45 0.1829
41.5 0.19
41.55 0.1976
41.6 0.2054
41.65 0.2141
41.7 0.2229
41.75 0.2328
41.8 0.2428
41.85 0.254
41.9 0.2653
41.95 0.2778
42 0.2911
42.05 0.3053
42.1 0.3206
42.15 0.3376
42.2 0.3546
42.25 0.3743
42.3 0.3942
42.35 0.4173
42.4 0.4405
42.45 0.4667
42.5 0.4953
42.55 0.528
42.6 0.5609
42.65 0.6006
42.7 0.6402
42.75 0.6889
42.8 0.7376
42.85 0.7984
42.9 0.8591
42.95 0.9365
43 1.014
43.05 1.1179
43.1 1.2218
43.15 1.4368
43.2 1.6517
43.25 2.0499
43.3 2.448
43.35 2.7321
43.4 3.0525
43.45 3.4585
43.5 3.8646
43.55 4.3893
43.6 5.0231
43.65 5.7983
43.7 6.7596
43.75 8.1435
43.8 9.5275
43.85 11.9292
43.9 14.331
43.95 18.2845
44 23.8333
44.05 32.6862
44.1 48.3725
44.15 83.6341
44.2 180.276
44.25 458.096
44.3 1080.4
44.35 1973.75
44.4 2487.07
44.45 1514.31
44.5 392.385
44.55 132.195
44.6 68.082
44.65 41.9605
44.7 28.4608
44.75 20.5366
44.8 15.4825
44.85 12.0628
44.9 9.6434
44.95 7.871
45 6.5356
45.05 5.5059
45.1 4.6962
45.15 4.1102
45.2 3.5242
45.25 3.1299
45.3 2.7355
45.35 2.4587
45.4 2.1817
45.45 1.9797
45.5 1.7775
45.55 1.6044
45.6 1.4312
45.65 1.2731
45.7 1.1149
45.75 1.0206
45.8 0.939
45.85 0.871
45.9 0.8031
45.95 0.7489
46 0.6947
46.05 0.6507
46.1 0.6067
46.15 0.5706
46.2 0.5344
46.25 0.5042
46.3 0.4741
46.35 0.4487
46.4 0.4234
46.45 0.4018
46.5 0.3803
46.55 0.3618
46.6 0.3433
46.65 0.3273
46.7 0.3113
46.75 0.2974
46.8 0.2834
46.85 0.2713
46.9 0.2591
46.95 0.2484
47 0.2377
47.05 0.2282
47.1 0.2188
47.15 0.2104
47.2 0.2021
47.25 0.1947
47.3 0.1873
47.35 0.1807
47.4 0.1742
47.45 0.1684
47.5 0.1625
47.55 0.1574
47.6 0.1522
47.65 0.1477
47.7 0.143
47.75 0.1389
47.8 0.1348
47.85 0.1311
47.9 0.1275
47.95 0.124
48 0.1207
48.05 0.1176
48.1 0.1146
48.15 0.1118
48.2 0.1088
48.25 0.1062
48.3 0.1036
48.35 0.1011
48.4 0.0986
48.45 0.0962
48.5 0.0939
48.55 0.0916
48.6 0.0893
48.65 0.0871
48.7 0.085
48.75 0.0829
48.8 0.0809
48.85 0.0789
48.9 0.077
48.95 0.0751
49 0.0733
49.05 0.0721
49.1 0.0709
49.15 0.0693
49.2 0.0677
49.25 0.0663
49.3 0.0649
49.35 0.0637
49.4 0.0624
49.45 0.0613
49.5 0.0602
49.55 0.0592
49.6 0.0582
49.65 0.0574
49.7 0.0565
49.75 0.0557
49.8 0.0551
49.85 0.0544
49.9 0.0537
49.95 0.053
50 0.0524
50.05 0.0518
50.1 0.0512
50.15 0.0506
50.2 0.0499
50.25 0.0494
50.3 0.0487
50.35 0.048
50.4 0.0474
50.45 0.0466
50.5 0.0459
50.55 0.0451
50.6 0.0445
50.65 0.0437
50.7 0.043
50.75 0.0422
50.8 0.0414
50.85 0.0407
50.9 0.0399
50.95 0.0391
51 0.0384
51.05 0.0377
51.1 0.0371
51.15 0.0365
51.2 0.0359
51.25 0.0353
51.3 0.0348
51.35 0.0344
51.4 0.0339
51.45 0.0336
51.5 0.0332
51.55 0.033
51.6 0.0327
51.65 0.0325
51.7 0.0322
51.75 0.0321
51.8 0.0319
51.85 0.0319
51.9 0.0317
51.95 0.0316
52 0.0316
52.05 0.0314
52.1 0.0313
52.15 0.0311
52.2 0.031
52.25 0.0308
52.3 0.0306
52.35 0.0303
52.4 0.0301
52.45 0.0299
52.5 0.0295
52.55 0.0292
52.6 0.0288
52.65 0.0285
52.7 0.0282
52.75 0.0277
52.8 0.0273
52.85 0.0268
52.9 0.0265
52.95 0.0261
53 0.0256
53.05 0.0253
53.1 0.0248
53.15 0.0245
53.2 0.0242
53.25 0.0239
53.3 0.0237
53.35 0.0234
53.4 0.0232
53.45 0.0231
53.5 0.0229
53.55 0.0229
53.6 0.0228
53.65 0.0228
53.7 0.0228
53.75 0.0228
53.8 0.0229
53.85 0.0228
53.9 0.0229
53.95 0.023
54 0.0231
54.05 0.0231
54.1 0.0231
54.15 0.0232
54.2 0.0233
54.25 0.0232
54.3 0.0232
54.35 0.0231
54.4 0.023
54.45 0.023
54.5 0.0228
54.55 0.0226
54.6 0.0224
54.65 0.0222
54.7 0.0219
54.75 0.0217
54.8 0.0214
54.85 0.0212
54.9 0.0209
54.95 0.0206
55 0.0204
55.05 0.0201
55.1 0.0198
55.15 0.0196
55.2 0.0194
55.25 0.0192
55.3 0.019
55.35 0.0189
55.4 0.0188
55.45 0.0187
55.5 0.0187
55.55 0.0187
55.6 0.0186
55.65 0.0187
55.7 0.0188
55.75 0.0189
55.8 0.019
55.85 0.0192
55.9 0.0193
55.95 0.0194
56 0.0196
56.05 0.0197
56.1 0.0198
56.15 0.02
56.2 0.0201
56.25 0.0202
56.3 0.0203
56.35 0.0203
56.4 0.0203
56.45 0.0203
56.5 0.0203
56.55 0.0202
56.6 0.0202
56.65 0.02
56.7 0.0199
56.75 0.0197
56.8 0.0196
56.85 0.0194
56.9 0.0192
56.95 0.019
57 0.0187
57.05 0.0186
57.1 0.0184
57.15 0.0183
57.2 0.0181
57.25 0.0179
57.3 0.0178
57.35 0.0177
57.4 0.0177
57.45 0.0177
57.5 0.0176
57.55 0.0177
57.6 0.0177
57.65 0.0179
57.7 0.018
57.75 0.0181
57.8 0.0183
57.85 0.0185
57.9 0.0187
57.95 0.019
58 0.0192
58.05 0.0194
58.1 0.0197
58.15 0.0199
58.2 0.0202
58.25 0.0203
58.3 0.0205
58.35 0.0206
58.4 0.0208
58.45 0.0209
58.5 0.021
58.55 0.0211
58.6 0.0211
58.65 0.0211
58.7 0.0211
58.75 0.0211
58.8 0.021
58.85 0.021
58.9 0.0209
58.95 0.0208
59 0.0208
59.05 0.0206
59.1 0.0206
59.15 0.0205
59.2 0.0205
59.25 0.0204
59.3 0.0204
59.35 0.0204
59.4 0.0204
59.45 0.0206
59.5 0.0206
59.55 0.0207
59.6 0.021
59.65 0.0144
59.7 0.0078
59.75 0.0081
59.8 0.0084
59.85 0.0086
59.9 0.0089
59.95 0.0091
60 0.0095
60.05 0.0098
60.1 0.0101
60.15 0.0103
60.2 0.0106
60.25 0.0109
60.3 0.0112
60.35 0.0115
60.4 0.0118
60.45 0.0122
60.5 0.0125
60.55 0.0128
60.6 0.013
60.65 0.0134
60.7 0.0138
60.75 0.0142
60.8 0.0145
60.85 0.0149
60.9 0.0153
60.95 0.0158
61 0.0162
61.05 0.0167
61.1 0.0173
61.15 0.0178
61.2 0.0184
61.25 0.019
61.3 0.0197
61.35 0.0205
61.4 0.0213
61.45 0.0221
61.5 0.0231
61.55 0.024
61.6 0.025
61.65 0.0262
61.7 0.0273
61.75 0.0286
61.8 0.03
61.85 0.0314
61.9 0.0329
61.95 0.0346
62 0.0362
62.05 0.0381
62.1 0.0401
62.15 0.0423
62.2 0.0445
62.25 0.047
62.3 0.0495
62.35 0.0525
62.4 0.0555
62.45 0.0589
62.5 0.0624
62.55 0.0664
62.6 0.0704
62.65 0.0753
62.7 0.0802
62.75 0.086
62.8 0.0918
62.85 0.099
62.9 0.106
62.95 0.1149
63 0.1236
63.05 0.1347
63.1 0.1457
63.15 0.1597
63.2 0.1739
63.25 0.1926
63.3 0.2112
63.35 0.2383
63.4 0.2652
63.45 0.3148
63.5 0.3644
63.55 0.4265
63.6 0.4887
63.65 0.5555
63.7 0.6224
63.75 0.7116
63.8 0.8009
63.85 0.928
63.9 1.055
63.95 1.2451
64 1.4352
64.05 1.7359
64.1 2.0367
64.15 2.5494
64.2 3.0622
64.25 4.0352
64.3 5.008
64.35 7.1964
64.4 9.3847
64.45 13.9767
64.5 22.6505
64.55 40.2801
64.6 71.6755
64.65 114.009
64.7 140.25
64.75 120.123
64.8 72.2786
64.85 37.4531
64.9 20.6127
64.95 12.6673
65 8.478
65.05 6.4767
65.1 4.4754
65.15 3.5924
65.2 2.7093
65.25 2.2487
65.3 1.7881
65.35 1.5207
65.4 1.2532
65.45 1.0858
65.5 0.9182
65.55 0.8073
65.6 0.6963
65.65 0.6194
65.7 0.5425
65.75 0.4862
65.8 0.4298
65.85 0.3821
65.9 0.3344
65.95 0.2961
66 0.2579
66.05 0.2339
66.1 0.2099
66.15 0.1923
66.2 0.1747
66.25 0.1611
66.3 0.1475
66.35 0.1368
66.4 0.126
66.45 0.1174
66.5 0.1088
66.55 0.1017
66.6 0.0946
66.65 0.0888
66.7 0.083
66.75 0.0781
66.8 0.0733
66.85 0.0692
66.9 0.0652
66.95 0.0617
67 0.0582
67.05 0.0554
67.1 0.0524
67.15 0.0499
67.2 0.0474
67.25 0.0453
67.3 0.0431
67.35 0.0412
67.4 0.0393
67.45 0.0377
67.5 0.0361
67.55 0.0345
67.6 0.0331
67.65 0.0319
67.7 0.0307
67.75 0.0295
67.8 0.0284
67.85 0.0274
67.9 0.0264
67.95 0.0255
68 0.0247
68.05 0.0239
68.1 0.0231
68.15 0.0225
68.2 0.0218
68.25 0.0211
68.3 0.0205
68.35 0.0199
68.4 0.0194
68.45 0.0189
68.5 0.0184
68.55 0.0179
68.6 0.0175
68.65 0.0171
68.7 0.0166
68.75 0.0162
68.8 0.0159
68.85 0.0155
68.9 0.0152
68.95 0.0148
69 0.0144
69.05 0.0142
69.1 0.0138
69.15 0.0135
69.2 0.0132
69.25 0.0131
69.3 0.0128
69.35 0.0125
69.4 0.0123
69.45 0.012
69.5 0.0118
69.55 0.0116
69.6 0.0114
69.65 0.0113
69.7 0.011
69.75 0.0109
69.8 0.0106
69.85 0.0105
69.9 0.0103
69.95 0.0102
70 0.0101
70.05 0.0099
70.1 0.0098
70.15 0.0097
70.2 0.0095
70.25 0.0094
70.3 0.0093
70.35 0.0092
70.4 0.0091
70.45 0.0091
70.5 0.009
70.55 0.0088
70.6 0.0088
70.65 0.0086
70.7 0.0086
70.75 0.0085
70.8 0.0085
70.85 0.0084
70.9 0.0083
70.95 0.0083
71 0.0082
71.05 0.0081
71.1 0.0081
71.15 0.008
71.2 0.008
71.25 0.0078
71.3 0.0078
71.35 0.0078
71.4 0.0077
71.45 0.0076
71.5 0.0076
71.55 0.0076
71.6 0.0076
71.65 0.0075
71.7 0.0074
71.75 0.0075
71.8 0.0074
71.85 0.0074
71.9 0.0074
71.95 0.0074
72 0.0074
72.05 0.0074
72.1 0.0073
72.15 0.0073
72.2 0.0073
72.25 0.0073
72.3 0.0073
72.35 0.0072
72.4 0.0073
72.45 0.0073
72.5 0.0072
72.55 0.0073
72.6 0.0073
72.65 0.0073
72.7 0.0073
72.75 0.0073
72.8 0.0073
72.85 0.0072
72.9 0.0072
72.95 0.0073
73 0.0073
73.05 0.0073
73.1 0.0073
73.15 0.0073
73.2 0.0073
73.25 0.0073
73.3 0.0073
73.35 0.0073
73.4 0.0073
73.45 0.0073
73.5 0.0074
73.55 0.0074
73.6 0.0074
73.65 0.0075
73.7 0.0075
73.75 0.0075
73.8 0.0075
73.85 0.0076
73.9 0.0076
73.95 0.0077
74 0.0077
74.05 0.0078
74.1 0.0078
74.15 0.0079
74.2 0.008
74.25 0.008
74.3 0.0081
74.35 0.0082
74.4 0.0082
74.45 0.0083
74.5 0.0085
74.55 0.0085
74.6 0.0085
74.65 0.0087
74.7 0.0087
74.75 0.0088
74.8 0.0089
74.85 0.0089
74.9 0.009
74.95 0.0091
75 0.0092
75.05 0.0093
75.1 0.0094
75.15 0.0095
75.2 0.0096
75.25 0.0096
75.3 0.0098
75.35 0.0099
75.4 0.0099
75.45 0.01
75.5 0.0101
75.55 0.0102
75.6 0.0103
75.65 0.0105
75.7 0.0106
75.75 0.0108
75.8 0.0108
75.85 0.011
75.9 0.0111
75.95 0.0113
76 0.0114
76.05 0.0116
76.1 0.0118
76.15 0.012
76.2 0.0122
76.25 0.0124
76.3 0.0126
76.35 0.0128
76.4 0.0131
76.45 0.0133
76.5 0.0135
76.55 0.0139
76.6 0.0141
76.65 0.0143
76.7 0.0147
76.75 0.015
76.8 0.0153
76.85 0.0156
76.9 0.0159
76.95 0.0163
77 0.0166
77.05 0.0169
77.1 0.0173
77.15 0.0176
77.2 0.0181
77.25 0.0184
77.3 0.0188
77.35 0.0193
77.4 0.0197
77.45 0.0202
77.5 0.0206
77.55 0.0211
77.6 0.0215
77.65 0.0221
77.7 0.0226
77.75 0.0232
77.8 0.0237
77.85 0.0244
77.9 0.025
77.95 0.0257
78 0.0263
78.05 0.0271
78.1 0.0278
78.15 0.0287
78.2 0.0295
78.25 0.0305
78.3 0.0313
78.35 0.0324
78.4 0.0334
78.45 0.0345
78.5 0.0356
78.55 0.0369
78.6 0.0382
78.65 0.0397
78.7 0.041
78.75 0.0427
78.8 0.0443
78.85 0.0461
78.9 0.0478
78.95 0.0499
79 0.0518
79.05 0.0542
79.1 0.0564
79.15 0.059
79.2 0.0616
79.25 0.0645
79.3 0.0674
79.35 0.0712
79.4 0.0751
79.45 0.0789
79.5 0.0828
79.55 0.0872
79.6 0.0918
79.65 0.097
79.7 0.1022
79.75 0.1083
79.8 0.1145
79.85 0.1217
79.9 0.1288
79.95 0.1375
80 0.1461
80.05 0.1564
80.1 0.1667
80.15 0.1793
80.2 0.1918
80.25 0.2072
80.3 0.2226
80.35 0.2417
80.4 0.2609
80.45 0.2852
80.5 0.3096
80.55 0.3414
80.6 0.3733
80.65 0.4183
80.7 0.4634
80.75 0.5483
80.8 0.6334
80.85 0.7501
80.9 0.8668
80.95 0.983
81 1.0993
81.05 1.2536
81.1 1.408
81.15 1.6286
81.2 1.8493
81.25 2.1815
81.3 2.5137
81.35 3.0449
81.4 3.5761
81.45 4.4968
81.5 5.4175
81.55 7.213
81.6 9.0085
81.65 13.2636
81.7 17.5188
81.75 27.6099
81.8 46.7183
81.85 89.4931
81.9 167.209
81.95 254.463
82 269.874
82.05 186.786
82.1 95.5023
82.15 47.31
82.2 26.6392
82.25 17.1472
82.3 11.6396
82.35 9.0223
82.4 6.4051
82.45 5.2007
82.5 3.9964
82.55 3.349
82.6 2.7015
82.65 2.3166
82.7 1.9317
82.75 1.6859
82.8 1.44
82.85 1.2744
82.9 1.1087
82.95 0.9915
83 0.8744
83.05 0.7847
83.1 0.6951
83.15 0.6095
83.2 0.524
83.25 0.4693
83.3 0.4147
83.35 0.3784
83.4 0.3423
83.45 0.3149
83.5 0.2876
83.55 0.2661
83.6 0.2446
83.65 0.2275
83.7 0.2103
83.75 0.1963
83.8 0.1824
83.85 0.171
83.9 0.1595
83.95 0.15
84 0.1405
84.05 0.1326
84.1 0.1246
84.15 0.118
84.2 0.1113
84.25 0.1056
84.3 0.0999
84.35 0.095
84.4 0.0902
84.45 0.086
84.5 0.0817
84.55 0.0781
84.6 0.0744
84.65 0.0713
84.7 0.0681
84.75 0.0653
84.8 0.0625
84.85 0.06
84.9 0.0575
84.95 0.0554
85 0.0531
85.05 0.0512
85.1 0.0492
85.15 0.0474
85.2 0.0456
85.25 0.044
85.3 0.0424
85.35 0.041
85.4 0.0396
85.45 0.0382
85.5 0.0369
85.55 0.0357
85.6 0.0346
85.65 0.0335
85.7 0.0325
85.75 0.0316
85.8 0.0305
85.85 0.0297
85.9 0.0289
85.95 0.0281
86 0.0274
86.05 0.0266
86.1 0.0259
86.15 0.0253
86.2 0.0247
86.25 0.0242
86.3 0.0236
86.35 0.0231
86.4 0.0226
86.45 0.0222
86.5 0.0217
86.55 0.0213
86.6 0.0209
86.65 0.0205
86.7 0.0201
86.75 0.0198
86.8 0.0194
86.85 0.0192
86.9 0.0188
86.95 0.0185
87 0.0182
87.05 0.0179
87.1 0.0176
87.15 0.0173
87.2 0.0171
87.25 0.0168
87.3 0.0165
87.35 0.0162
87.4 0.0159
87.45 0.0157
87.5 0.0154
87.55 0.0151
87.6 0.0148
87.65 0.0147
87.7 0.0144
87.75 0.0142
87.8 0.0139
87.85 0.0137
87.9 0.0134
87.95 0.0131
88 0.0129
88.05 0.0127
88.1 0.0125
88.15 0.0123
88.2 0.0122
88.25 0.0119
88.3 0.0118
88.35 0.0116
88.4 0.0115
88.45 0.0113
88.5 0.0112
88.55 0.0111
88.6 0.011
88.65 0.0109
88.7 0.0108
88.75 0.0108
88.8 0.0106
88.85 0.0106
88.9 0.0105
88.95 0.0105
89 0.0105
89.05 0.0104
89.1 0.0105
89.15 0.0104
89.2 0.0104
89.25 0.0103
89.3 0.0104
89.35 0.0104
89.4 0.0103
89.45 0.0103
89.5 0.0104
89.55 0.0104
89.6 0.0103
89.65 0.0103
89.7 0.0103
89.75 0.0102
89.8 0.0102
89.85 0.0102
89.9 0.0102
89.95 0.0101
90 0.0102
90.05 0.01
90.1 0.01
90.15 0.0099
90.2 0.0099
90.25 0.0098
90.3 0.0098
90.35 0.0097
90.4 0.0097
90.45 0.0097
90.5 0.0096
90.55 0.0095
90.6 0.0095
90.65 0.0094
90.7 0.0093
90.75 0.0093
90.8 0.0093
90.85 0.0093
90.9 0.0092
90.95 0.0093
91 0.0093
91.05 0.0093
91.1 0.0093
91.15 0.0093
91.2 0.0093
91.25 0.0094
91.3 0.0094
91.35 0.0095
91.4 0.0095
91.45 0.0096
91.5 0.0097
91.55 0.0098
91.6 0.0099
91.65 0.01
91.7 0.0101
91.75 0.0102
91.8 0.0103
91.85 0.0104
91.9 0.0106
91.95 0.0107
92 0.0109
92.05 0.011
92.1 0.0112
92.15 0.0112
92.2 0.0114
92.25 0.0115
92.3 0.0117
92.35 0.0118
92.4 0.0119
92.45 0.012
92.5 0.0122
92.55 0.0123
92.6 0.0125
92.65 0.0125
92.7 0.0127
92.75 0.0128
92.8 0.013
92.85 0.0131
92.9 0.0132
92.95 0.0134
93 0.0136
93.05 0.0137
93.1 0.0138
93.15 0.014
93.2 0.0141
93.25 0.0144
93.3 0.0146
93.35 0.0147
93.4 0.0149
93.45 0.0155
93.5 0.0161
93.55 0.0164
93.6 0.0167
93.65 0.017
93.7 0.0172
93.75 0.0176
93.8 0.018
93.85 0.0184
93.9 0.0188
93.95 0.0193
94 0.0197
94.05 0.0202
94.1 0.0208
94.15 0.0213
94.2 0.0219
94.25 0.0224
94.3 0.0231
94.35 0.0237
94.4 0.0244
94.45 0.025
94.5 0.0258
94.55 0.0266
94.6 0.0274
94.65 0.0282
94.7 0.029
94.75 0.0298
94.8 0.0307
94.85 0.0316
94.9 0.0327
94.95 0.0336
95 0.0347
95.05 0.0358
95.1 0.0369
95.15 0.0381
95.2 0.0394
95.25 0.0407
95.3 0.0421
95.35 0.0436
95.4 0.0452
95.45 0.0469
95.5 0.0486
95.55 0.0506
95.6 0.0525
95.65 0.0547
95.7 0.0569
95.75 0.0595
95.8 0.062
95.85 0.0649
95.9 0.0679
95.95 0.0712
96 0.0747
96.05 0.0786
96.1 0.0825
96.15 0.0871
96.2 0.0918
96.25 0.0972
96.3 0.1026
96.35 0.1089
96.4 0.1154
96.45 0.123
96.5 0.1306
96.55 0.1397
96.6 0.1487
96.65 0.1597
96.7 0.1707
96.75 0.184
96.8 0.1973
96.85 0.2137
96.9 0.2301
96.95 0.2504
97 0.2708
97.05 0.2968
97.1 0.3226
97.15 0.3565
97.2 0.3905
97.25 0.4385
97.3 0.4865
97.35 0.5597
97.4 0.6328
97.45 0.7197
97.5 0.8066
97.55 0.9167
97.6 1.0269
97.65 1.1797
97.7 1.3325
97.75 1.5553
97.8 1.7783
97.85 2.1206
97.9 2.4631
97.95 3.0245
98 3.5859
98.05 4.5934
98.1 5.6007
98.15 7.6674
98.2 9.7341
98.25 13.6347
98.3 20.2447
98.35 32.7963
98.4 54.1555
98.45 88.7597
98.5 125.933
98.55 140.008
98.6 117.492
98.65 78.809
98.7 47.8607
98.75 30.1131
98.8 19.6009
98.85 13.7515
98.9 10.11
98.95 8.0757
99 6.0414
99.05 5.0013
99.1 3.9612
99.15 3.3645
99.2 2.7679
99.25 2.3967
99.3 2.0255
99.35 1.78
99.4 1.5345
99.45 1.3635
99.5 1.1924
99.55 1.0657
99.6 0.939
99.65 0.8294
99.7 0.7199
99.75 0.6236
99.8 0.5273
99.85 0.4712
99.9 0.4151
99.95 0.3779
100 0.3408
100.05 0.3132
100.1 0.2857
100.15 0.2642
100.2 0.2429
100.25 0.2258
100.3 0.2088
100.35 0.1949
100.4 0.1811
100.45 0.1698
100.5 0.1584
100.55 0.149
100.6 0.1395
100.65 0.1316
100.7 0.1237
100.75 0.1169
100.8 0.1102
100.85 0.1045
100.9 0.0988
100.95 0.0939
101 0.089
101.05 0.0847
101.1 0.0805
101.15 0.0768
101.2 0.0731
101.25 0.0699
101.3 0.0667
101.35 0.0639
101.4 0.0611
101.45 0.0587
101.5 0.0562
101.55 0.054
101.6 0.0519
101.65 0.0499
101.7 0.0479
101.75 0.0454
101.8 0.0429
101.85 0.0415
101.9 0.0399
101.95 0.0386
102 0.0372
102.05 0.0361
102.1 0.0348
102.15 0.0337
102.2 0.0327
102.25 0.0317
102.3 0.0308
102.35 0.0298
102.4 0.029
102.45 0.0282
102.5 0.0274
102.55 0.0268
102.6 0.0261
102.65 0.0255
102.7 0.0247
102.75 0.0242
102.8 0.0236
102.85 0.0231
102.9 0.0225
102.95 0.0221
103 0.0216
103.05 0.0212
103.1 0.0207
103.15 0.0203
103.2 0.0198
103.25 0.0195
103.3 0.0191
103.35 0.0187
103.4 0.0184
103.45 0.018
103.5 0.0177
103.55 0.0174
103.6 0.0171
103.65 0.0168
103.7 0.0165
103.75 0.0162
103.8 0.0159
103.85 0.0156
103.9 0.0154
103.95 0.0151
104 0.0149
104.05 0.0147
104.1 0.0144
104.15 0.0142
104.2 0.014
104.25 0.0137
104.3 0.0136
104.35 0.0133
104.4 0.0131
104.45 0.013
104.5 0.0127
104.55 0.0127
104.6 0.0125
104.65 0.0123
104.7 0.0121
104.75 0.0121
104.8 0.0119
104.85 0.0118
104.9 0.0117
104.95 0.0116
105 0.0115
105.05 0.0114
105.1 0.0113
105.15 0.0113
105.2 0.0112
105.25 0.0111
105.3 0.011
105.35 0.011
105.4 0.011
105.45 0.011
105.5 0.0109
105.55 0.0109
105.6 0.0108
105.65 0.0109
105.7 0.0108
105.75 0.0108
105.8 0.0108
105.85 0.0108
105.9 0.0107
105.95 0.0108
106 0.0107
106.05 0.0108
106.1 0.0107
106.15 0.0108
106.2 0.0107
106.25 0.0107
106.3 0.0107
106.35 0.0108
106.4 0.0107
106.45 0.0107
106.5 0.0106
106.55 0.0107
106.6 0.0106
106.65 0.0107
106.7 0.0106
106.75 0.0107
106.8 0.0107
106.85 0.0107
106.9 0.0106
106.95 0.0106
107 0.0106
107.05 0.0107
107.1 0.0106
107.15 0.0107
107.2 0.0107
107.25 0.0107
107.3 0.0107
107.35 0.0108
107.4 0.0107
107.45 0.0108
107.5 0.0108
107.55 0.0109
107.6 0.0108
107.65 0.011
107.7 0.0109
107.75 0.0111
107.8 0.0111
107.85 0.0113
107.9 0.0113
107.95 0.0114
108 0.0115
108.05 0.0117
108.1 0.0117
108.15 0.0119
108.2 0.0119
108.25 0.0121
108.3 0.0123
108.35 0.0125
108.4 0.0125
108.45 0.0128
108.5 0.0128
108.55 0.0131
108.6 0.0132
108.65 0.0134
108.7 0.0136
108.75 0.0138
108.8 0.014
108.85 0.0143
108.9 0.0145
108.95 0.0147
109 0.0148
109.05 0.0151
109.1 0.0153
109.15 0.0156
109.2 0.0158
109.25 0.0161
109.3 0.0163
109.35 0.0166
109.4 0.0168
109.45 0.0171
109.5 0.0173
109.55 0.0176
109.6 0.0179
109.65 0.0182
109.7 0.0184
109.75 0.0188
109.8 0.019
109.85 0.0193
109.9 0.0197
109.95 0.0201
110 0.0204
110.05 0.0207
110.1 0.0211
110.15 0.0215
110.2 0.0219
110.25 0.0223
110.3 0.0227
110.35 0.0232
110.4 0.0236
110.45 0.0242
110.5 0.0246
110.55 0.0252
110.6 0.0256
110.65 0.0263
110.7 0.0269
110.75 0.0276
110.8 0.0282
110.85 0.0288
110.9 0.0295
110.95 0.0304
111 0.0311
111.05 0.032
111.1 0.0328
111.15 0.0338
111.2 0.0347
111.25 0.0357
111.3 0.0367
111.35 0.0379
111.4 0.0389
111.45 0.0402
111.5 0.0414
111.55 0.0427
111.6 0.044
111.65 0.0455
111.7 0.047
111.75 0.0486
111.8 0.0502
111.85 0.052
111.9 0.0537
111.95 0.0556
112 0.0576
112.05 0.0598
112.1 0.0619
112.15 0.0643
112.2 0.0666
112.25 0.0693
112.3 0.0718
112.35 0.0748
112.4 0.0777
112.45 0.081
112.5 0.0842
112.55 0.0878
112.6 0.0914
112.65 0.0955
112.7 0.0995
112.75 0.1041
112.8 0.1087
112.85 0.1136
112.9 0.1189
112.95 0.1247
113 0.1307
113.05 0.1373
113.1 0.1439
113.15 0.1516
113.2 0.1592
113.25 0.1679
113.3 0.1767
113.35 0.1868
113.4 0.1968
113.45 0.2085
113.5 0.2202
113.55 0.2339
113.6 0.2474
113.65 0.2634
113.7 0.2793
113.75 0.2974
113.8 0.3169
113.85 0.3383
113.9 0.3616
113.95 0.3883
114 0.4149
114.05 0.4472
114.1 0.4792
114.15 0.5184
114.2 0.5574
114.25 0.6031
114.3 0.6538
114.35 0.7138
114.4 0.7738
114.45 0.85
114.5 0.9261
114.55 1.0248
114.6 1.1235
114.65 1.2537
114.7 1.3838
114.75 1.5539
114.8 1.724
114.85 1.9447
114.9 2.1653
114.95 2.4599
115 2.7546
115.05 3.1636
115.1 3.5725
115.15 4.1624
115.2 4.7522
115.25 5.6398
115.3 6.5274
115.35 7.932
115.4 9.3367
115.45 11.3741
115.5 14.0529
115.55 17.6293
115.6 22.462
115.65 29.0145
115.7 37.7652
115.75 48.925
115.8 61.6264
115.85 73.5835
115.9 81.2708
115.95 81.4891
116 74.3994
116.05 62.6144
116.1 49.8809
116.15 38.6544
116.2 29.7754
116.25 23.1987
116.3 18.1669
116.35 14.5067
116.4 11.7603
116.45 9.9053
116.5 8.0502
116.55 6.9086
116.6 5.7669
116.65 5.0249
116.7 4.2829
116.75 3.7778
116.8 3.2727
116.85 2.9146
116.9 2.5566
116.95 2.2926
117 2.0286
117.05 1.8269
117.1 1.6251
117.15 1.4697
117.2 1.3144
117.25 1.1967
117.3 1.0788
117.35 0.9888
117.4 0.8987
117.45 0.8283
117.5 0.7579
117.55 0.7018
117.6 0.6456
117.65 0.6003
117.7 0.5549
117.75 0.5176
117.8 0.4804
117.85 0.4496
117.9 0.4188
117.95 0.3931
118 0.3673
118.05 0.3457
118.1 0.324
118.15 0.3057
118.2 0.2872
118.25 0.2717
118.3 0.256
118.35 0.2425
118.4 0.2291
118.45 0.2175
118.5 0.2058
118.55 0.1958
118.6 0.1857
118.65 0.177
118.7 0.1682
118.75 0.1606
118.8 0.1528
118.85 0.1462
118.9 0.1394
118.95 0.1335
119 0.1276
119.05 0.1223
119.1 0.1171
119.15 0.1124
119.2 0.1077
119.25 0.1036
119.3 0.0994
119.35 0.0957
119.4 0.092
119.45 0.0886
119.5 0.0853
119.55 0.0822
119.6 0.0793
119.65 0.0765
119.7 0.0738
119.75 0.0713
119.8 0.0689
119.85 0.0667
119.9 0.0644
119.95 0.0623
120 0.0603
120.05 0.0585
120.1 0.0565
120.15 0.0548
120.2 0.0532
120.25 0.0516
120.3 0.0499
120.35 0.0485
120.4 0.047
120.45 0.0457
120.5 0.0444
120.55 0.0431
120.6 0.0419
120.65 0.0407
120.7 0.0396
120.75 0.0385
120.8 0.0374
120.85 0.0365
120.9 0.0354
120.95 0.0346
121 0.0336
121.05 0.0328
121.1 0.0319
121.15 0.0311
121.2 0.0304
121.25 0.0296
121.3 0.0289
121.35 0.0282
121.4 0.0275
121.45 0.027
121.5 0.0263
121.55 0.0257
121.6 0.0252
121.65 0.0246
121.7 0.0241
121.75 0.0236
121.8 0.0231
121.85 0.0226
121.9 0.0222
121.95 0.0218
122 0.0213
122.05 0.021
122.1 0.0205
122.15 0.0202
122.2 0.0198
122.25 0.0195
122.3 0.0192
122.35 0.0189
122.4 0.0186
122.45 0.0183
122.5 0.018
122.55 0.0177
122.6 0.0174
122.65 0.0173
122.7 0.017
122.75 0.0163
122.8 0.0156
122.85 0.0154
122.9 0.0152
122.95 0.015
123 0.0147
123.05 0.0145
123.1 0.0143
123.15 0.0141
123.2 0.0139
123.25 0.0137
123.3 0.0135
123.35 0.0133
123.4 0.0131
123.45 0.0128
123.5 0.0126
123.55 0.0124
123.6 0.0122
123.65 0.012
123.7 0.0118
123.75 0.0116
123.8 0.0114
123.85 0.0112
123.9 0.011
123.95 0.0108
124 0.0106
124.05 0.0103
124.1 0.0102
124.15 0.01
124.2 0.0098
124.25 0.0096
124.3 0.0095
124.35 0.0092
124.4 0.0091
124.45 0.0089
124.5 0.0088
124.55 0.0085
124.6 0.0084
124.65 0.0083
124.7 0.008
124.75 0.0079
124.8 0.0078
124.85 0.0076
124.9 0.0075
124.95 0.0074
125 0.0073
125.05 0.0071
125.1 0.0071
125.15 0.0069
125.2 0.0069
125.25 0.0067
125.3 0.0066
125.35 0.0066
125.4 0.0065
125.45 0.0064
125.5 0.0063
125.55 0.0063
125.6 0.0062
125.65 0.0062
125.7 0.0061
125.75 0.0061
125.8 0.0061
125.85 0.006
125.9 0.006
125.95 0.0059
126 0.006
126.05 0.0059
126.1 0.0059
126.15 0.0059
126.2 0.0059
126.25 0.0059
126.3 0.0058
126.35 0.0058
126.4 0.0058
126.45 0.0057
126.5 0.0058
126.55 0.0057
126.6 0.0057
126.65 0.0057
126.7 0.0057
126.75 0.0056
126.8 0.0057
126.85 0.0056
126.9 0.0056
126.95 0.0055
127 0.0056
127.05 0.0056
127.1 0.0055
127.15 0.0054
127.2 0.0055
127.25 0.0054
127.3 0.0053
127.35 0.0053
127.4 0.0053
127.45 0.0052
127.5 0.0052
127.55 0.0051
127.6 0.0051
127.65 0.005
127.7 0.0049
127.75 0.0049
127.8 0.0048
127.85 0.0047
127.9 0.0047
127.95 0.0045
128 0.0045
128.05 0.0044
128.1 0.0043
128.15 0.0043
128.2 0.0042
128.25 0.0042
128.3 0.0041
128.35 0.004
128.4 0.0039
128.45 0.0039
128.5 0.0038
128.55 0.0037
128.6 0.0036
128.65 0.0036
128.7 0.0035
128.75 0.0034
128.8 0.0033
128.85 0.0033
128.9 0.0033
128.95 0.0032
129 0.0032
129.05 0.003
129.1 0.003
129.15 0.003
129.2 0.0029
129.25 0.0029
129.3 0.0028
129.35 0.0028
129.4 0.0029
129.45 0.0028
129.5 0.0028
129.55 0.0028
129.6 0.0028
129.65 0.0027
129.7 0.0028
129.75 0.0027
129.8 0.0028
129.85 0.0027
129.9 0.0027
129.95 0.0038
130 0.0049
