40 0.0792
40.05 0.082
40.1 0.0848
40.15 0.089
40.2 0.0934
40.25 0.0961
40.3 0.0988
40.35 0.0991
40.4 0.0993
40.45 0.0999
40.5 0.1005
40.55 0.1034
40.6 0.1078
40.65 0.1133
40.7 0.1188
40.75 0.1227
40.8 0.1267
40.85 0.128
40.9 0.1292
40.95 0.1308
41 0.1324
41.05 0.1375
41.1 0.1425
41.15 0.1499
41.2 0.1573
41.25 0.1633
41.3 0.1694
41.35 0.1726
41.4 0.1759
41.45 0.1796
41.5 0.1832
41.55 0.1896
41.6 0.1982
41.65 0.209
41.7 0.2199
41.75 0.2299
41.8 0.2399
41.85 0.2473
41.9 0.2547
41.95 0.2627
42 0.2706
42.05 0.2836
42.1 0.2964
42.15 0.3143
42.2 0.3321
42.25 0.3507
42.3 0.3693
42.35 0.3862
42.4 0.4032
42.45 0.4221
42.5 0.4411
42.55 0.4676
42.6 0.4943
42.65 0.5299
42.7 0.5655
42.75 0.606
42.8 0.6484
42.85 0.6939
42.9 0.7395
42.95 0.7951
43 0.8507
43.05 0.9293
43.1 1.0081
43.15 1.1907
43.2 1.3732
43.25 1.7211
43.3 2.0688
43.35 2.3064
43.4 2.5438
43.45 2.8561
43.5 3.1684
43.55 3.6169
43.6 4.0654
43.65 4.7449
43.7 5.4245
43.75 6.5147
43.8 7.6048
43.85 9.2243
43.9 11.4268
43.95 14.538
44 19.1566
44.05 26.8368
44.1 39.9088
44.15 70.5236
44.2 159.276
44.25 418.284
44.3 1005.21
44.35 1856.53
44.4 2357.23
44.45 1462.78
44.5 374.458
44.55 116.179
44.6 57.3134
44.65 34.8832
44.7 22.7607
44.75 16.1671
44.8 12.0592
44.85 9.3357
44.9 7.4404
44.95 6.2428
45 5.0451
45.05 4.3455
45.1 3.6459
45.15 3.2061
45.2 2.7663
45.25 2.4758
45.3 2.1854
45.35 1.9825
45.4 1.7795
45.45 1.6265
45.5 1.4736
45.55 1.3333
45.6 1.193
45.65 1.0609
45.7 0.9287
45.75 0.863
45.8 0.7975
45.85 0.7487
45.9 0.6999
45.95 0.6577
46 0.6154
46.05 0.5766
46.1 0.5378
46.15 0.5054
46.2 0.473
46.25 0.4495
46.3 0.426
46.35 0.4087
46.4 0.3915
46.45 0.3749
46.5 0.3582
46.55 0.34
46.6 0.3218
46.65 0.3051
46.7 0.2884
46.75 0.2768
46.8 0.2652
46.85 0.2579
46.9 0.2507
46.95 0.2433
47 0.2359
47.05 0.226
47.1 0.216
47.15 0.2056
47.2 0.1952
47.25 0.1882
47.3 0.1812
47.35 0.1779
47.4 0.1745
47.45 0.1713
47.5 0.1681
47.55 0.1622
47.6 0.1563
47.65 0.1492
47.7 0.1419
47.75 0.137
47.8 0.1319
47.85 0.1303
47.9 0.1286
47.95 0.1275
48 0.1264
48.05 0.1237
48.1 0.1195
48.15 0.1142
48.2 0.1087
48.25 0.1047
48.3 0.1007
48.35 0.0998
48.4 0.0987
48.45 0.0988
48.5 0.0988
48.55 0.0969
48.6 0.095
48.65 0.0909
48.7 0.0868
48.75 0.0834
48.8 0.0799
48.85 0.0792
48.9 0.0783
48.95 0.0789
49 0.0796
49.05 0.0798
49.1 0.0801
49.15 0.0768
49.2 0.0734
49.25 0.0698
49.3 0.0663
49.35 0.0655
49.4 0.0646
49.45 0.0659
49.5 0.0671
49.55 0.0673
49.6 0.0676
49.65 0.0651
49.7 0.0626
49.75 0.0593
49.8 0.056
49.85 0.0549
49.9 0.0537
49.95 0.055
50 0.0563
50.05 0.0571
50.1 0.0581
50.15 0.0564
50.2 0.0547
50.25 0.0516
50.3 0.0486
50.35 0.0472
50.4 0.0457
50.45 0.0467
50.5 0.0478
50.55 0.0492
50.6 0.0505
50.65 0.0495
50.7 0.0486
50.75 0.0459
50.8 0.0431
50.85 0.0414
50.9 0.0396
50.95 0.0404
51 0.0411
51.05 0.0427
51.1 0.0443
51.15 0.0441
51.2 0.0438
51.25 0.0415
51.3 0.0391
51.35 0.0371
51.4 0.0351
51.45 0.0354
51.5 0.0357
51.55 0.0374
51.6 0.0391
51.65 0.0395
51.7 0.0399
51.75 0.0381
51.8 0.0362
51.85 0.034
51.9 0.0318
51.95 0.0316
52 0.0314
52.05 0.0331
52.1 0.0347
52.15 0.0356
52.2 0.0365
52.25 0.0352
52.3 0.0339
52.35 0.0317
52.4 0.0294
52.45 0.0288
52.5 0.0281
52.55 0.0295
52.6 0.0308
52.65 0.0322
52.7 0.0335
52.75 0.0328
52.8 0.0322
52.85 0.03
52.9 0.0278
52.95 0.0267
53 0.0255
53.05 0.0265
53.1 0.0275
53.15 0.0292
53.2 0.0308
53.25 0.0307
53.3 0.0306
53.35 0.0287
53.4 0.0268
53.45 0.0253
53.5 0.0237
53.55 0.0242
53.6 0.0247
53.65 0.0265
53.7 0.0282
53.75 0.0287
53.8 0.0293
53.85 0.0278
53.9 0.0263
53.95 0.0244
54 0.0226
54.05 0.0226
54.1 0.0224
54.15 0.0241
54.2 0.0257
54.25 0.0268
54.3 0.0279
54.35 0.0269
54.4 0.026
54.45 0.024
54.5 0.0221
54.55 0.0215
54.6 0.0207
54.65 0.0221
54.7 0.0234
54.75 0.0249
54.8 0.0263
54.85 0.026
54.9 0.0258
54.95 0.024
55 0.0221
55.05 0.0209
55.1 0.0197
55.15 0.0206
55.2 0.0214
55.25 0.0231
55.3 0.0247
55.35 0.0252
55.4 0.0255
55.45 0.024
55.5 0.0225
55.55 0.0209
55.6 0.0192
55.65 0.0194
55.7 0.0197
55.75 0.0214
55.8 0.0231
55.85 0.0241
55.9 0.025
55.95 0.024
56 0.023
56.05 0.0213
56.1 0.0194
56.15 0.019
56.2 0.0185
56.25 0.0199
56.3 0.0214
56.35 0.0229
56.4 0.0243
56.45 0.024
56.5 0.0236
56.55 0.0219
56.6 0.0201
56.65 0.0191
56.7 0.0179
56.75 0.0189
56.8 0.0199
56.85 0.0216
56.9 0.0233
56.95 0.0238
57 0.0242
57.05 0.0227
57.1 0.0212
57.15 0.0197
57.2 0.0181
57.25 0.0184
57.3 0.0186
57.35 0.0204
57.4 0.0222
57.45 0.0233
57.5 0.0243
57.55 0.0235
57.6 0.0226
57.65 0.0209
57.7 0.019
57.75 0.0186
57.8 0.018
57.85 0.0195
57.9 0.0208
57.95 0.0226
58 0.0242
58.05 0.0241
58.1 0.024
58.15 0.0223
58.2 0.0206
58.25 0.0193
58.3 0.0181
58.35 0.0191
58.4 0.0198
58.45 0.0218
58.5 0.0236
58.55 0.0245
58.6 0.0251
58.65 0.0239
58.7 0.0226
58.75 0.021
58.8 0.0193
58.85 0.0193
58.9 0.0193
58.95 0.0211
59 0.023
59.05 0.0245
59.1 0.026
59.15 0.0255
59.2 0.0249
59.25 0.0232
59.3 0.0214
59.35 0.0206
59.4 0.0198
59.45 0.021
59.5 0.0223
59.55 0.0244
59.6 0.0264
59.65 0.0177
59.7 0.009
59.75 0.0086
59.8 0.0081
59.85 0.0074
59.9 0.0068
59.95 0.007
60 0.0072
60.05 0.0083
60.1 0.0093
60.15 0.0101
60.2 0.011
60.25 0.0109
60.3 0.0108
60.35 0.0102
60.4 0.0094
60.45 0.0092
60.5 0.0091
60.55 0.01
60.6 0.0108
60.65 0.012
60.7 0.0133
60.75 0.0139
60.8 0.0143
60.85 0.0139
60.9 0.0134
60.95 0.0129
61 0.0124
61.05 0.013
61.1 0.0135
61.15 0.015
61.2 0.0164
61.25 0.0177
61.3 0.019
61.35 0.0192
61.4 0.0193
61.45 0.0189
61.5 0.0183
61.55 0.0186
61.6 0.0186
61.65 0.0201
61.7 0.0216
61.75 0.0238
61.8 0.0257
61.85 0.027
61.9 0.0282
61.95 0.0284
62 0.0285
62.05 0.0286
62.1 0.0287
62.15 0.0302
62.2 0.0316
62.25 0.0346
62.3 0.0374
62.35 0.0404
62.4 0.0432
62.45 0.0451
62.5 0.0469
62.55 0.0482
62.6 0.0493
62.65 0.0515
62.7 0.0537
62.75 0.0582
62.8 0.0625
62.85 0.0685
62.9 0.0745
62.95 0.0807
63 0.0867
63.05 0.0926
63.1 0.0983
63.15 0.1056
63.2 0.1129
63.25 0.1248
63.3 0.1366
63.35 0.1572
63.4 0.1776
63.45 0.2179
63.5 0.258
63.55 0.3082
63.6 0.3582
63.65 0.407
63.7 0.4558
63.75 0.5209
63.8 0.5859
63.85 0.6838
63.9 0.7815
63.95 0.9362
64 1.0906
64.05 1.349
64.1 1.6072
64.15 2.0784
64.2 2.5496
64.25 3.5208
64.3 4.4919
64.35 6.2903
64.4 9.2355
64.45 14.6337
64.5 24.0436
64.55 42.7031
64.6 73.99
64.65 114.435
64.7 140.78
64.75 126.988
64.8 84.0723
64.85 46.564
64.9 25.01
64.95 14.5084
65 9.0774
65.05 6.6497
65.1 4.2218
65.15 3.2656
65.2 2.3093
65.25 1.8621
65.3 1.4149
65.35 1.1775
65.4 0.9402
65.45 0.8016
65.5 0.6631
65.55 0.5774
65.6 0.4916
65.65 0.4366
65.7 0.3815
65.75 0.3433
65.8 0.305
65.85 0.2708
65.9 0.2365
65.95 0.2062
66 0.176
66.05 0.1573
66.1 0.1385
66.15 0.1267
66.2 0.1147
66.25 0.1075
66.3 0.1003
66.35 0.0952
66.4 0.09
66.45 0.0848
66.5 0.0795
66.55 0.0735
66.6 0.0676
66.65 0.0624
66.7 0.0572
66.75 0.0542
66.8 0.0512
66.85 0.0501
66.9 0.0489
66.95 0.048
67 0.047
67.05 0.0449
67.1 0.0426
67.15 0.0394
67.2 0.0362
67.25 0.0337
67.3 0.0311
67.35 0.0304
67.4 0.0296
67.45 0.03
67.5 0.0303
67.55 0.0303
67.6 0.0301
67.65 0.0285
67.7 0.0269
67.75 0.0246
67.8 0.0224
67.85 0.0211
67.9 0.0197
67.95 0.02
68 0.0202
68.05 0.021
68.1 0.0217
68.15 0.022
68.2 0.0215
68.25 0.02
68.3 0.0186
68.35 0.0169
68.4 0.0152
68.45 0.0147
68.5 0.014
68.55 0.0147
68.6 0.0154
68.65 0.0163
68.7 0.0171
68.75 0.0167
68.8 0.0165
68.85 0.0151
68.9 0.0136
68.95 0.0124
69 0.0111
69.05 0.0111
69.1 0.011
69.15 0.0119
69.2 0.0128
69.25 0.0135
69.3 0.0142
69.35 0.0137
69.4 0.0132
69.45 0.0119
69.5 0.0105
69.55 0.0096
69.6 0.0087
69.65 0.009
69.7 0.0093
69.75 0.0103
69.8 0.0113
69.85 0.0119
69.9 0.0123
69.95 0.0116
70 0.0108
70.05 0.0097
70.1 0.0084
70.15 0.0078
70.2 0.0073
70.25 0.0078
70.3 0.0084
70.35 0.0095
70.4 0.0105
70.45 0.0106
70.5 0.0109
70.55 0.01
70.6 0.0092
70.65 0.0081
70.7 0.007
70.75 0.0067
70.8 0.0064
70.85 0.0072
70.9 0.008
70.95 0.009
71 0.0099
71.05 0.0099
71.1 0.0099
71.15 0.009
71.2 0.008
71.25 0.0071
71.3 0.006
71.35 0.0061
71.4 0.0061
71.45 0.0069
71.5 0.0079
71.55 0.0086
71.6 0.0095
71.65 0.0093
71.7 0.0092
71.75 0.0081
71.8 0.0072
71.85 0.0064
71.9 0.0055
71.95 0.0058
72 0.0059
72.05 0.0069
72.1 0.008
72.15 0.0086
72.2 0.0093
72.25 0.009
72.3 0.0086
72.35 0.0076
72.4 0.0066
72.45 0.0059
72.5 0.0054
72.55 0.0057
72.6 0.0061
72.65 0.0071
72.7 0.0081
72.75 0.0087
72.8 0.0092
72.85 0.0088
72.9 0.0083
72.95 0.0074
73 0.0063
73.05 0.0059
73.1 0.0054
73.15 0.0059
73.2 0.0064
73.25 0.0074
73.3 0.0085
73.35 0.0089
73.4 0.0094
73.45 0.0088
73.5 0.0083
73.55 0.0072
73.6 0.0063
73.65 0.006
73.7 0.0056
73.75 0.0062
73.8 0.0069
73.85 0.0079
73.9 0.0089
73.95 0.0093
74 0.0096
74.05 0.009
74.1 0.0083
74.15 0.0074
74.2 0.0065
74.25 0.0063
74.3 0.006
74.35 0.0067
74.4 0.0075
74.45 0.0085
74.5 0.0095
74.55 0.0098
74.6 0.0101
74.65 0.0094
74.7 0.0088
74.75 0.0079
74.8 0.007
74.85 0.0068
74.9 0.0067
74.95 0.0075
75 0.0084
75.05 0.0094
75.1 0.0104
75.15 0.0106
75.2 0.011
75.25 0.0102
75.3 0.0096
75.35 0.0087
75.4 0.0078
75.45 0.0077
75.5 0.0076
75.55 0.0085
75.6 0.0095
75.65 0.0104
75.7 0.0116
75.75 0.0118
75.8 0.0121
75.85 0.0113
75.9 0.0107
75.95 0.0098
76 0.009
76.05 0.0089
76.1 0.009
76.15 0.0099
76.2 0.0109
76.25 0.0121
76.3 0.0132
76.35 0.0135
76.4 0.0138
76.45 0.0131
76.5 0.0124
76.55 0.0116
76.6 0.0108
76.65 0.0108
76.7 0.0109
76.75 0.0118
76.8 0.0129
76.85 0.0142
76.9 0.0154
76.95 0.0158
77 0.0162
77.05 0.0157
77.1 0.0151
77.15 0.0143
77.2 0.0135
77.25 0.0135
77.3 0.0136
77.35 0.0148
77.4 0.0159
77.45 0.0173
77.5 0.0188
77.55 0.0194
77.6 0.02
77.65 0.0195
77.7 0.0191
77.75 0.0184
77.8 0.0177
77.85 0.0177
77.9 0.018
77.95 0.0192
78 0.0205
78.05 0.0221
78.1 0.0238
78.15 0.0248
78.2 0.0257
78.25 0.0255
78.3 0.0254
78.35 0.0248
78.4 0.0244
78.45 0.0246
78.5 0.0248
78.55 0.0263
78.6 0.028
78.65 0.0301
78.7 0.0322
78.75 0.0337
78.8 0.0353
78.85 0.0356
78.9 0.0361
78.95 0.036
79 0.0359
79.05 0.0365
79.1 0.0372
79.15 0.0393
79.2 0.0414
79.25 0.0444
79.3 0.0475
79.35 0.0508
79.4 0.0543
79.45 0.0556
79.5 0.0571
79.55 0.058
79.6 0.059
79.65 0.061
79.7 0.0629
79.75 0.0668
79.8 0.0707
79.85 0.076
79.9 0.0814
79.95 0.0868
80 0.0924
80.05 0.0972
80.1 0.1021
80.15 0.1069
80.2 0.1118
80.25 0.1183
80.3 0.1248
80.35 0.1345
80.4 0.1443
80.45 0.1579
80.5 0.1714
80.55 0.1888
80.6 0.2062
80.65 0.2302
80.7 0.2542
80.75 0.3109
80.8 0.3676
80.85 0.4505
80.9 0.5334
80.95 0.602
81 0.6707
81.05 0.7623
81.1 0.8541
81.15 0.9871
81.2 1.1201
81.25 1.3237
81.3 1.5274
81.35 1.8629
81.4 2.1985
81.45 2.8072
81.5 3.4159
81.55 4.6728
81.6 5.9298
81.65 8.2961
81.7 12.3149
81.75 19.9753
81.8 36.9512
81.85 77.6687
81.9 158.27
81.95 255.725
82 277.868
82.05 187.628
82.1 87.9259
82.15 38.8431
82.2 20.015
82.25 11.9377
82.3 7.8231
82.35 5.9116
82.4 4.0001
82.45 3.1882
82.5 2.3765
82.55 1.9681
82.6 1.5597
82.65 1.3289
82.7 1.0982
82.75 0.9402
82.8 0.814
82.85 0.721
82.9 0.628
82.95 0.5587
83 0.5005
83.05 0.452
83.1 0.4034
83.15 0.3471
83.2 0.2908
83.25 0.2589
83.3 0.2272
83.35 0.2079
83.4 0.1886
83.45 0.1739
83.5 0.1591
83.55 0.1479
83.6 0.1368
83.65 0.1287
83.7 0.1207
83.75 0.1146
83.8 0.1085
83.85 0.1033
83.9 0.098
83.95 0.0927
84 0.0875
84.05 0.0825
84.1 0.0773
84.15 0.073
84.2 0.0687
84.25 0.0657
84.3 0.0627
84.35 0.0607
84.4 0.0588
84.45 0.0572
84.5 0.0556
84.55 0.0536
84.6 0.0517
84.65 0.0492
84.7 0.0469
84.75 0.0444
84.8 0.0421
84.85 0.0404
84.9 0.0387
84.95 0.0378
85 0.0369
85.05 0.0364
85.1 0.036
85.15 0.0353
85.2 0.0347
85.25 0.0334
85.3 0.0322
85.35 0.0307
85.4 0.0292
85.45 0.028
85.5 0.0268
85.55 0.0261
85.6 0.0255
85.65 0.0253
85.7 0.0252
85.75 0.0251
85.8 0.025
85.85 0.0245
85.9 0.024
85.95 0.0231
86 0.0221
86.05 0.0211
86.1 0.0201
86.15 0.0196
86.2 0.019
86.25 0.0189
86.3 0.0187
86.35 0.0188
86.4 0.019
86.45 0.0189
86.5 0.0188
86.55 0.0183
86.6 0.0177
86.65 0.017
86.7 0.0163
86.75 0.0157
86.8 0.0151
86.85 0.0148
86.9 0.0147
86.95 0.0148
87 0.0149
87.05 0.015
87.1 0.0152
87.15 0.015
87.2 0.0149
87.25 0.0143
87.3 0.0138
87.35 0.0133
87.4 0.0127
87.45 0.0124
87.5 0.0122
87.55 0.0121
87.6 0.0122
87.65 0.0124
87.7 0.0126
87.75 0.0126
87.8 0.0127
87.85 0.0124
87.9 0.0121
87.95 0.0118
88 0.0113
88.05 0.011
88.1 0.0105
88.15 0.0105
88.2 0.0104
88.25 0.0105
88.3 0.0107
88.35 0.0108
88.4 0.011
88.45 0.0109
88.5 0.0109
88.55 0.0106
88.6 0.0104
88.65 0.01
88.7 0.0097
88.75 0.0095
88.8 0.0093
88.85 0.0093
88.9 0.0094
88.95 0.0095
89 0.0097
89.05 0.0098
89.1 0.0099
89.15 0.0098
89.2 0.0097
89.25 0.0095
89.3 0.0092
89.35 0.009
89.4 0.0087
89.45 0.0087
89.5 0.0086
89.55 0.0087
89.6 0.0088
89.65 0.0089
89.7 0.0091
89.75 0.0091
89.8 0.0092
89.85 0.009
89.9 0.0089
89.95 0.0087
90 0.0086
90.05 0.0084
90.1 0.0083
90.15 0.0083
90.2 0.0083
90.25 0.0084
90.3 0.0085
90.35 0.0087
90.4 0.0088
90.45 0.0088
90.5 0.0088
90.55 0.0086
90.6 0.0085
90.65 0.0085
90.7 0.0083
90.75 0.0083
90.8 0.0082
90.85 0.0083
90.9 0.0083
90.95 0.0085
91 0.0086
91.05 0.0087
91.1 0.0088
91.15 0.0087
91.2 0.0087
91.25 0.0087
91.3 0.0086
91.35 0.0085
91.4 0.0085
91.45 0.0086
91.5 0.0085
91.55 0.0086
91.6 0.0087
91.65 0.0088
91.7 0.0089
91.75 0.0089
91.8 0.009
91.85 0.0089
91.9 0.009
91.95 0.009
92 0.009
92.05 0.0091
92.1 0.0091
92.15 0.0092
92.2 0.0092
92.25 0.0093
92.3 0.0095
92.35 0.0095
92.4 0.0095
92.45 0.0095
92.5 0.0097
92.55 0.0097
92.6 0.0098
92.65 0.0098
92.7 0.01
92.75 0.01
92.8 0.0102
92.85 0.0104
92.9 0.0104
92.95 0.0105
93 0.0106
93.05 0.0107
93.1 0.0108
93.15 0.0109
93.2 0.0109
93.25 0.011
93.3 0.0112
93.35 0.0114
93.4 0.0116
93.45 0.0127
93.5 0.0138
93.55 0.0137
93.6 0.0136
93.65 0.0134
93.7 0.0132
93.75 0.0132
93.8 0.0132
93.85 0.0135
93.9 0.0138
93.95 0.0143
94 0.015
94.05 0.0155
94.1 0.0161
94.15 0.0165
94.2 0.0168
94.25 0.0169
94.3 0.0169
94.35 0.0167
94.4 0.0167
94.45 0.0167
94.5 0.0168
94.55 0.0172
94.6 0.0177
94.65 0.0185
94.7 0.0193
94.75 0.0201
94.8 0.021
94.85 0.0216
94.9 0.0222
94.95 0.0224
95 0.0227
95.05 0.0227
95.1 0.0229
95.15 0.0231
95.2 0.0235
95.25 0.0243
95.3 0.025
95.35 0.0262
95.4 0.0274
95.45 0.0288
95.5 0.03
95.55 0.0312
95.6 0.0323
95.65 0.0332
95.7 0.034
95.75 0.0347
95.8 0.0353
95.85 0.0363
95.9 0.0372
95.95 0.0388
96 0.0403
96.05 0.0425
96.1 0.0447
96.15 0.0474
96.2 0.0499
96.25 0.0525
96.3 0.0552
96.35 0.0577
96.4 0.0602
96.45 0.0629
96.5 0.0655
96.55 0.0687
96.6 0.072
96.65 0.0764
96.7 0.0807
96.75 0.0866
96.8 0.0924
96.85 0.0999
96.9 0.1072
96.95 0.1161
97 0.125
97.05 0.1357
97.1 0.1465
97.15 0.1605
97.2 0.1745
97.25 0.1964
97.3 0.2184
97.35 0.2603
97.4 0.3022
97.45 0.3485
97.5 0.3948
97.55 0.4501
97.6 0.5053
97.65 0.5832
97.7 0.661
97.75 0.7778
97.8 0.8947
97.85 1.0817
97.9 1.2687
97.95 1.5922
98 1.9156
98.05 2.5334
98.1 3.1511
98.15 4.5108
98.2 5.8705
98.25 8.5903
98.3 13.4675
98.35 23.628
98.4 42.6974
98.45 77.7784
98.5 120.898
98.55 142.435
98.6 120.746
98.65 77.2411
98.7 42.8571
98.75 24.7114
98.8 14.8602
98.85 10.8917
98.9 6.9234
98.95 5.3898
99 3.8564
99.05 3.1303
99.1 2.4041
99.15 2.0132
99.2 1.6225
99.25 1.3917
99.3 1.1609
99.35 1.0143
99.4 0.8676
99.45 0.7685
99.5 0.6693
99.55 0.5969
99.6 0.5244
99.65 0.4573
99.7 0.39
99.75 0.322
99.8 0.2538
99.85 0.2229
99.9 0.1921
99.95 0.1752
100 0.1581
100.05 0.146
100.1 0.1337
100.15 0.1241
100.2 0.1144
100.25 0.1066
100.3 0.0987
100.35 0.0925
100.4 0.0861
100.45 0.0814
100.5 0.0766
100.55 0.073
100.6 0.0694
100.65 0.0665
100.7 0.0636
100.75 0.0611
100.8 0.0585
100.85 0.0558
100.9 0.0532
100.95 0.0507
101 0.0481
101.05 0.0458
101.1 0.0434
101.15 0.0417
101.2 0.0399
101.25 0.0386
101.3 0.0374
101.35 0.0364
101.4 0.0356
101.45 0.0349
101.5 0.0341
101.55 0.0331
101.6 0.0323
101.65 0.0312
101.7 0.03
101.75 0.0275
101.8 0.0249
101.85 0.0242
101.9 0.0233
101.95 0.0229
102 0.0224
102.05 0.0223
102.1 0.022
102.15 0.0216
102.2 0.0213
102.25 0.0208
102.3 0.0202
102.35 0.0195
102.4 0.0187
102.45 0.0181
102.5 0.0173
102.55 0.0169
102.6 0.0163
102.65 0.0161
102.7 0.0158
102.75 0.0158
102.8 0.0156
102.85 0.0156
102.9 0.0155
102.95 0.0153
103 0.0151
103.05 0.0146
103.1 0.0142
103.15 0.0137
103.2 0.0133
103.25 0.0128
103.3 0.0124
103.35 0.0122
103.4 0.0121
103.45 0.0121
103.5 0.0121
103.55 0.0121
103.6 0.0121
103.65 0.0121
103.7 0.012
103.75 0.0118
103.8 0.0116
103.85 0.0112
103.9 0.0109
103.95 0.0106
104 0.0102
104.05 0.01
104.1 0.0098
104.15 0.0099
104.2 0.0098
104.25 0.0099
104.3 0.01
104.35 0.01
104.4 0.0101
104.45 0.01
104.5 0.01
104.55 0.0097
104.6 0.0095
104.65 0.0092
104.7 0.0088
104.75 0.0087
104.8 0.0084
104.85 0.0085
104.9 0.0085
104.95 0.0086
105 0.0087
105.05 0.0088
105.1 0.0089
105.15 0.0089
105.2 0.0089
105.25 0.0088
105.3 0.0086
105.35 0.0084
105.4 0.0082
105.45 0.008
105.5 0.0077
105.55 0.0076
105.6 0.0075
105.65 0.0077
105.7 0.0078
105.75 0.0079
105.8 0.0082
105.85 0.0083
105.9 0.0084
105.95 0.0084
106 0.0083
106.05 0.0082
106.1 0.0079
106.15 0.0077
106.2 0.0075
106.25 0.0073
106.3 0.0072
106.35 0.0072
106.4 0.0072
106.45 0.0074
106.5 0.0076
106.55 0.0078
106.6 0.008
106.65 0.0082
106.7 0.0082
106.75 0.0082
106.8 0.0081
106.85 0.008
106.9 0.0077
106.95 0.0075
107 0.0073
107.05 0.0072
107.1 0.007
107.15 0.0071
107.2 0.0074
107.25 0.0076
107.3 0.0078
107.35 0.0081
107.4 0.0084
107.45 0.0085
107.5 0.0086
107.55 0.0085
107.6 0.0083
107.65 0.0082
107.7 0.0079
107.75 0.0077
107.8 0.0075
107.85 0.0074
107.9 0.0074
107.95 0.0077
108 0.0078
108.05 0.0081
108.1 0.0085
108.15 0.0088
108.2 0.0091
108.25 0.0093
108.3 0.0093
108.35 0.0092
108.4 0.0091
108.45 0.0088
108.5 0.0086
108.55 0.0084
108.6 0.0082
108.65 0.0083
108.7 0.0082
108.75 0.0085
108.8 0.0087
108.85 0.0091
108.9 0.0095
108.95 0.01
109 0.0104
109.05 0.0105
109.1 0.0107
109.15 0.0106
109.2 0.0106
109.25 0.0103
109.3 0.0101
109.35 0.0099
109.4 0.0096
109.45 0.0096
109.5 0.0098
109.55 0.0101
109.6 0.0103
109.65 0.0109
109.7 0.0114
109.75 0.012
109.8 0.0124
109.85 0.0128
109.9 0.013
109.95 0.013
110 0.013
110.05 0.0128
110.1 0.0126
110.15 0.0124
110.2 0.0121
110.25 0.0122
110.3 0.0123
110.35 0.0126
110.4 0.0131
110.45 0.0137
110.5 0.0144
110.55 0.0151
110.6 0.0158
110.65 0.0163
110.7 0.0168
110.75 0.017
110.8 0.0172
110.85 0.0171
110.9 0.0169
110.95 0.0168
111 0.0167
111.05 0.0168
111.1 0.0168
111.15 0.0174
111.2 0.0178
111.25 0.0187
111.3 0.0195
111.35 0.0206
111.4 0.0216
111.45 0.0225
111.5 0.0233
111.55 0.0239
111.6 0.0244
111.65 0.0247
111.7 0.0249
111.75 0.025
111.8 0.0251
111.85 0.0253
111.9 0.0256
111.95 0.0263
112 0.027
112.05 0.0282
112.1 0.0294
112.15 0.031
112.2 0.0326
112.25 0.0343
112.3 0.0359
112.35 0.0374
112.4 0.0387
112.45 0.0397
112.5 0.0408
112.55 0.0416
112.6 0.0424
112.65 0.0434
112.7 0.0443
112.75 0.0458
112.8 0.0472
112.85 0.0494
112.9 0.0515
112.95 0.0545
113 0.0574
113.05 0.0609
113.1 0.0643
113.15 0.0678
113.2 0.0715
113.25 0.075
113.3 0.0786
113.35 0.0821
113.4 0.0856
113.45 0.0895
113.5 0.0933
113.55 0.098
113.6 0.1028
113.65 0.1089
113.7 0.1151
113.75 0.1231
113.8 0.1312
113.85 0.1413
113.9 0.1513
113.95 0.1635
114 0.1758
114.05 0.1904
114.1 0.2049
114.15 0.2223
114.2 0.2398
114.25 0.2612
114.3 0.2828
114.35 0.3108
114.4 0.3387
114.45 0.3766
114.5 0.4145
114.55 0.4674
114.6 0.5203
114.65 0.5952
114.7 0.67
114.75 0.7735
114.8 0.877
114.85 1.0176
114.9 1.1582
114.95 1.3551
115 1.552
115.05 1.8415
115.1 2.131
115.15 2.5264
115.2 3.022
115.25 3.7388
115.3 4.4556
115.35 5.663
115.4 6.8703
115.45 8.6899
115.5 11.1326
115.55 14.5064
115.6 18.9371
115.65 25.1176
115.7 33.0108
115.75 42.9997
115.8 54.2937
115.85 65.0741
115.9 72.6006
115.95 74.3455
116 69.8573
116.05 60.5157
116.1 49.2917
116.15 38.4809
116.2 29.3937
116.25 22.4101
116.3 16.998
116.35 13.0698
116.4 10.168
116.45 8.0106
116.5 6.3905
116.55 5.16
116.6 4.2145
116.65 3.558
116.7 2.9016
116.75 2.4872
116.8 2.0729
116.85 1.7994
116.9 1.5259
116.95 1.3366
117 1.1472
117.05 1.0097
117.1 0.872
117.15 0.7706
117.2 0.6692
117.25 0.5963
117.3 0.5234
117.35 0.4715
117.4 0.4197
117.45 0.3824
117.5 0.345
117.55 0.3174
117.6 0.2898
117.65 0.2686
117.7 0.2473
117.75 0.2304
117.8 0.2134
117.85 0.1992
117.9 0.1849
117.95 0.1727
118 0.1605
118.05 0.15
118.1 0.1394
118.15 0.1306
118.2 0.1219
118.25 0.115
118.3 0.108
118.35 0.1027
118.4 0.0974
118.45 0.0934
118.5 0.0895
118.55 0.0862
118.6 0.0831
118.65 0.0801
118.7 0.0771
118.75 0.0742
118.8 0.0711
118.85 0.0678
118.9 0.0646
118.95 0.0613
119 0.0579
119.05 0.0549
119.1 0.0518
119.15 0.0494
119.2 0.0469
119.25 0.0453
119.3 0.0436
119.35 0.0426
119.4 0.0417
119.45 0.0412
119.5 0.0406
119.55 0.0401
119.6 0.0396
119.65 0.0388
119.7 0.0381
119.75 0.0368
119.8 0.0356
119.85 0.0339
119.9 0.0324
119.95 0.0307
120 0.029
120.05 0.0276
120.1 0.0261
120.15 0.0251
120.2 0.0242
120.25 0.0238
120.3 0.0235
120.35 0.0235
120.4 0.0236
120.45 0.0237
120.5 0.024
120.55 0.024
120.6 0.024
120.65 0.0237
120.7 0.0232
120.75 0.0224
120.8 0.0215
120.85 0.0205
120.9 0.0194
120.95 0.0183
121 0.0172
121.05 0.0163
121.1 0.0155
121.15 0.0151
121.2 0.0148
121.25 0.0149
121.3 0.015
121.35 0.0154
121.4 0.0158
121.45 0.016
121.5 0.0164
121.55 0.0166
121.6 0.0166
121.65 0.0163
121.7 0.016
121.75 0.0154
121.8 0.0146
121.85 0.0138
121.9 0.0129
121.95 0.0121
122 0.0112
122.05 0.0108
122.1 0.0103
122.15 0.0102
122.2 0.0101
122.25 0.0104
122.3 0.0106
122.35 0.0111
122.4 0.0115
122.45 0.012
122.5 0.0123
122.55 0.0125
122.6 0.0126
122.65 0.0122
122.7 0.012
122.75 0.0106
122.8 0.0093
122.85 0.0087
122.9 0.0081
122.95 0.0076
123 0.007
123.05 0.0069
123.1 0.0066
123.15 0.0067
123.2 0.0067
123.25 0.007
123.3 0.0074
123.35 0.0077
123.4 0.008
123.45 0.0082
123.5 0.0085
123.55 0.0085
123.6 0.0085
123.65 0.0083
123.7 0.008
123.75 0.0075
123.8 0.007
123.85 0.0065
123.9 0.006
123.95 0.0056
124 0.0051
124.05 0.005
124.1 0.0048
124.15 0.0049
124.2 0.0051
124.25 0.0053
124.3 0.0056
124.35 0.006
124.4 0.0063
124.45 0.0065
124.5 0.0068
124.55 0.0068
124.6 0.0069
124.65 0.0067
124.7 0.0065
124.75 0.0061
124.8 0.0057
124.85 0.0052
124.9 0.0048
124.95 0.0044
125 0.004
125.05 0.0039
125.1 0.0037
125.15 0.0038
125.2 0.0038
125.25 0.0041
125.3 0.0043
125.35 0.0046
125.4 0.005
125.45 0.0052
125.5 0.0055
125.55 0.0056
125.6 0.0057
125.65 0.0056
125.7 0.0055
125.75 0.0052
125.8 0.0048
125.85 0.0044
125.9 0.004
125.95 0.0037
126 0.0033
126.05 0.0031
126.1 0.0029
126.15 0.0029
126.2 0.0029
126.25 0.003
126.3 0.0032
126.35 0.0036
126.4 0.0039
126.45 0.0042
126.5 0.0045
126.55 0.0046
126.6 0.0048
126.65 0.0048
126.7 0.0047
126.75 0.0046
126.8 0.0044
126.85 0.004
126.9 0.0037
126.95 0.0033
127 0.0029
127.05 0.0027
127.1 0.0024
127.15 0.0023
127.2 0.0022
127.25 0.0024
127.3 0.0025
127.35 0.0027
127.4 0.003
127.45 0.0033
127.5 0.0035
127.55 0.0037
127.6 0.004
127.65 0.0041
127.7 0.0042
127.75 0.0041
127.8 0.004
127.85 0.0038
127.9 0.0035
127.95 0.0032
128 0.0029
128.05 0.0026
128.1 0.0023
128.15 0.0021
128.2 0.0019
128.25 0.0019
128.3 0.0018
128.35 0.002
128.4 0.0022
128.45 0.0024
128.5 0.0026
128.55 0.0029
128.6 0.0032
128.65 0.0034
128.7 0.0036
128.75 0.0037
128.8 0.0037
128.85 0.0036
128.9 0.0035
128.95 0.0033
129 0.003
129.05 0.0027
129.1 0.0024
129.15 0.0022
129.2 0.0018
129.25 0.0016
129.3 0.0015
129.35 0.0016
129.4 0.0016
129.45 0.0017
129.5 0.0019
129.55 0.0021
129.6 0.0023
129.65 0.0026
129.7 0.0028
129.75 0.0031
129.8 0.0032
129.85 0.0032
129.9 0.0034
129.95 0.0149
130 0.0264
