40 0.0912
40.05 0.0917
40.1 0.0922
40.15 0.0927
40.2 0.0931
40.25 0.0992
40.3 0.1055
40.35 0.1041
40.4 0.1027
40.45 0.1067
40.5 0.1108
40.55 0.1156
40.6 0.1205
40.65 0.1183
40.7 0.1181
40.75 0.1256
40.8 0.1331
40.85 0.1354
40.9 0.1376
40.95 0.1393
41 0.141
41.05 0.1501
41.1 0.1593
41.15 0.1598
41.2 0.1602
41.25 0.1667
41.3 0.1732
41.35 0.1848
41.4 0.1908
41.45 0.1919
41.5 0.1929
41.55 0.2048
41.6 0.2167
41.65 0.2239
41.7 0.231
41.75 0.2364
41.8 0.2418
41.85 0.2582
41.9 0.2745
41.95 0.2835
42 0.2878
42.05 0.2964
42.1 0.3147
42.15 0.3346
42.2 0.3544
42.25 0.3645
42.3 0.3747
42.35 0.3998
42.4 0.4248
42.45 0.4491
42.5 0.4732
42.55 0.4947
42.6 0.5161
42.65 0.5548
42.7 0.5988
42.75 0.6341
42.8 0.6694
42.85 0.7162
42.9 0.7631
42.95 0.8332
43 0.9033
43.05 0.9716
43.1 1.0492
43.15 1.2367
43.2 1.4242
43.25 1.7823
43.3 2.1403
43.35 2.3737
43.4 2.607
43.45 2.9403
43.5 3.2737
43.55 3.7301
43.6 4.1866
43.65 4.7817
43.7 5.5341
43.75 6.6388
43.8 7.7435
43.85 9.3623
43.9 11.5475
43.95 14.6499
44 19.3068
44.05 26.8539
44.1 40.8639
44.15 73.6143
44.2 168.444
44.25 440.456
44.3 1045.7
44.35 1910.03
44.4 2402.34
44.45 1490.04
44.5 397.492
44.55 124.151
44.6 59.0283
44.65 34.8351
44.7 22.7629
44.75 16.1188
44.8 12.024
44.85 9.7542
44.9 7.4844
44.95 6.1406
45 5.1201
45.05 4.4154
45.1 3.7107
45.15 3.2835
45.2 2.8563
45.25 2.5539
45.3 2.2517
45.35 2.0355
45.4 1.8193
45.45 1.6663
45.5 1.5315
45.55 1.3838
45.6 1.2362
45.65 1.1035
45.7 0.9707
45.75 0.9074
45.8 0.8451
45.85 0.781
45.9 0.7169
45.95 0.6778
46 0.6386
46.05 0.6044
46.1 0.5701
46.15 0.5322
46.2 0.4942
46.25 0.4758
46.3 0.4575
46.35 0.4332
46.4 0.409
46.45 0.3863
46.5 0.3636
46.55 0.3544
46.6 0.3451
46.65 0.3256
46.7 0.306
46.75 0.2939
46.8 0.2816
46.85 0.278
46.9 0.2692
46.95 0.2532
47 0.2373
47.05 0.2322
47.1 0.2271
47.15 0.2208
47.2 0.2144
47.25 0.2023
47.3 0.1904
47.35 0.1893
47.4 0.1882
47.45 0.1808
47.5 0.1733
47.55 0.1656
47.6 0.1579
47.65 0.1582
47.7 0.1585
47.75 0.1504
47.8 0.1421
47.85 0.1385
47.9 0.135
47.95 0.1348
48 0.1346
48.05 0.1267
48.1 0.1187
48.15 0.1184
48.2 0.118
48.25 0.1163
48.3 0.1145
48.35 0.108
48.4 0.1016
48.45 0.1032
48.5 0.1046
48.55 0.1011
48.6 0.0975
48.65 0.0934
48.7 0.0893
48.75 0.0912
48.8 0.0933
48.85 0.0884
48.9 0.0835
48.95 0.0819
49 0.0803
49.05 0.082
49.1 0.0837
49.15 0.0789
49.2 0.0741
49.25 0.0746
49.3 0.0749
49.35 0.0746
49.4 0.0742
49.45 0.07
49.5 0.066
49.55 0.0675
49.6 0.0691
49.65 0.0674
49.7 0.0655
49.75 0.0627
49.8 0.0599
49.85 0.0618
49.9 0.0638
49.95 0.0609
50 0.058
50.05 0.0568
50.1 0.0556
50.15 0.0571
50.2 0.0586
50.25 0.0552
50.3 0.0517
50.35 0.0521
50.4 0.0524
50.45 0.0528
50.5 0.0534
50.55 0.0502
50.6 0.0469
50.65 0.0483
50.7 0.0497
50.75 0.0491
50.8 0.0484
50.85 0.0459
50.9 0.0433
50.95 0.0452
51 0.0472
51.05 0.0454
51.1 0.0436
51.15 0.0423
51.2 0.041
51.25 0.0427
51.3 0.0445
51.35 0.042
51.4 0.0396
51.45 0.0394
51.5 0.0393
51.55 0.0404
51.6 0.0416
51.65 0.039
51.7 0.0363
51.75 0.0372
51.8 0.0381
51.85 0.0383
51.9 0.0385
51.95 0.0362
52 0.0338
52.05 0.0354
52.1 0.0369
52.15 0.0362
52.2 0.0355
52.25 0.0338
52.3 0.0321
52.35 0.034
52.4 0.0357
52.45 0.0341
52.5 0.0326
52.55 0.0319
52.6 0.0311
52.65 0.0327
52.7 0.0342
52.75 0.0321
52.8 0.0302
52.85 0.0303
52.9 0.0305
52.95 0.0315
53 0.0325
53.05 0.0303
53.1 0.0281
53.15 0.0291
53.2 0.03
53.25 0.0303
53.3 0.0305
53.35 0.0287
53.4 0.0267
53.45 0.0282
53.5 0.0296
53.55 0.0292
53.6 0.0286
53.65 0.0273
53.7 0.0258
53.75 0.0275
53.8 0.0292
53.85 0.0279
53.9 0.0268
53.95 0.0261
54 0.0254
54.05 0.0268
54.1 0.0284
54.15 0.0267
54.2 0.0251
54.25 0.0252
54.3 0.0252
54.35 0.0263
54.4 0.0274
54.45 0.0256
54.5 0.0239
54.55 0.0245
54.6 0.0252
54.65 0.0257
54.7 0.0263
54.75 0.0246
54.8 0.0228
54.85 0.0241
54.9 0.0252
54.95 0.0251
55 0.0251
55.05 0.0237
55.1 0.0223
55.15 0.0237
55.2 0.0252
55.25 0.0245
55.3 0.0239
55.35 0.023
55.4 0.022
55.45 0.0235
55.5 0.0249
55.55 0.0239
55.6 0.0228
55.65 0.0224
55.7 0.022
55.75 0.0233
55.8 0.0246
55.85 0.0232
55.9 0.0218
55.95 0.0219
56 0.0222
56.05 0.0231
56.1 0.0241
56.15 0.0227
56.2 0.0211
56.25 0.0218
56.3 0.0224
56.35 0.023
56.4 0.0235
56.45 0.0221
56.5 0.0206
56.55 0.0216
56.6 0.0227
56.65 0.0228
56.7 0.0229
56.75 0.0216
56.8 0.0204
56.85 0.0217
56.9 0.0229
56.95 0.0226
57 0.0222
57.05 0.0214
57.1 0.0204
57.15 0.0217
57.2 0.0232
57.25 0.0231
57.3 0.0216
57.35 0.0212
57.4 0.0206
57.45 0.0219
57.5 0.0233
57.55 0.0222
57.6 0.0212
57.65 0.0211
57.7 0.021
57.75 0.0222
57.8 0.0233
57.85 0.0221
57.9 0.0209
57.95 0.0212
58 0.0215
58.05 0.0224
58.1 0.0233
58.15 0.022
58.2 0.0208
58.25 0.0214
58.3 0.022
58.35 0.0226
58.4 0.0232
58.45 0.022
58.5 0.0208
58.55 0.0217
58.6 0.0226
58.65 0.0229
58.7 0.0232
58.75 0.0222
58.8 0.0212
58.85 0.0223
58.9 0.0233
58.95 0.0233
59 0.0232
59.05 0.0224
59.1 0.0216
59.15 0.0228
59.2 0.024
59.25 0.0237
59.3 0.0235
59.35 0.0228
59.4 0.0223
59.45 0.0235
59.5 0.0247
59.55 0.0243
59.6 0.0237
59.65 0.0154
59.7 0.0069
59.75 0.0064
59.8 0.0058
59.85 0.0066
59.9 0.0074
59.95 0.0076
60 0.0077
60.05 0.0071
60.1 0.0067
60.15 0.0076
60.2 0.0085
60.25 0.0085
60.3 0.0085
60.35 0.0081
60.4 0.0077
60.45 0.0088
60.5 0.0098
60.55 0.0097
60.6 0.0096
60.65 0.0094
60.7 0.0091
60.75 0.0104
60.8 0.0116
60.85 0.0113
60.9 0.0109
60.95 0.0109
61 0.0109
61.05 0.0122
61.1 0.0136
61.15 0.0132
61.2 0.0128
61.25 0.013
61.3 0.0133
61.35 0.0147
61.4 0.0161
61.45 0.0158
61.5 0.0153
61.55 0.0159
61.6 0.0164
61.65 0.018
61.7 0.0196
61.75 0.0192
61.8 0.0188
61.85 0.0197
61.9 0.0207
61.95 0.0225
62 0.0243
62.05 0.024
62.1 0.0238
62.15 0.0252
62.2 0.0267
62.25 0.0289
62.3 0.0311
62.35 0.0311
62.4 0.0312
62.45 0.0334
62.5 0.0356
62.55 0.0385
62.6 0.0413
62.65 0.042
62.7 0.0427
62.75 0.0462
62.8 0.0496
62.85 0.0538
62.9 0.058
62.95 0.0602
63 0.0624
63.05 0.0683
63.1 0.0743
63.15 0.0816
63.2 0.0889
63.25 0.0958
63.3 0.1026
63.35 0.1189
63.4 0.1352
63.45 0.1699
63.5 0.2047
63.55 0.2409
63.6 0.2771
63.65 0.3157
63.7 0.3542
63.75 0.4043
63.8 0.4543
63.85 0.5225
63.9 0.5908
63.95 0.7025
64 0.8143
64.05 1.0011
64.1 1.1881
64.15 1.5318
64.2 1.8754
64.25 2.634
64.3 3.3924
64.35 5.4679
64.4 7.5432
64.45 12.5563
64.5 22.6382
64.55 42.7879
64.6 75.7162
64.65 114.004
64.7 130.924
64.75 106.93
64.8 64.0185
64.85 32.6505
64.9 16.7642
64.95 9.3318
65 5.6652
65.05 4.1146
65.1 2.5639
65.15 1.9886
65.2 1.4132
65.25 1.1537
65.3 0.8943
65.35 0.7521
65.4 0.6099
65.45 0.5265
65.5 0.443
65.55 0.394
65.6 0.3448
65.65 0.3073
65.7 0.2697
65.75 0.2419
65.8 0.2142
65.85 0.191
65.9 0.1679
65.95 0.1458
66 0.1235
66.05 0.1113
66.1 0.099
66.15 0.0939
66.2 0.0888
66.25 0.0816
66.3 0.0745
66.35 0.0688
66.4 0.0631
66.45 0.0616
66.5 0.06
66.55 0.0558
66.6 0.0515
66.65 0.0479
66.7 0.0442
66.75 0.0441
66.8 0.0439
66.85 0.041
66.9 0.0381
66.95 0.0355
67 0.033
67.05 0.0335
67.1 0.0339
67.15 0.0318
67.2 0.0297
67.25 0.0276
67.3 0.0256
67.35 0.0265
67.4 0.0272
67.45 0.0256
67.5 0.024
67.55 0.0223
67.6 0.0207
67.65 0.0216
67.7 0.0226
67.75 0.0213
67.8 0.0199
67.85 0.0185
67.9 0.0171
67.95 0.0181
68 0.0192
68.05 0.0189
68.1 0.0171
68.15 0.0157
68.2 0.0145
68.25 0.0156
68.3 0.0166
68.35 0.0158
68.4 0.0149
68.45 0.0137
68.5 0.0125
68.55 0.0136
68.6 0.0147
68.65 0.0141
68.7 0.0133
68.75 0.0121
68.8 0.011
68.85 0.012
68.9 0.0132
68.95 0.0126
69 0.0121
69.05 0.0109
69.1 0.0098
69.15 0.0108
69.2 0.0119
69.25 0.0116
69.3 0.0112
69.35 0.01
69.4 0.0088
69.45 0.0099
69.5 0.0109
69.55 0.0106
69.6 0.0104
69.65 0.0093
69.7 0.0081
69.75 0.009
69.8 0.0101
69.85 0.01
69.9 0.0099
69.95 0.0087
70 0.0075
70.05 0.0084
70.1 0.0093
70.15 0.0094
70.2 0.0095
70.25 0.0082
70.3 0.0071
70.35 0.0079
70.4 0.0087
70.45 0.0089
70.5 0.0092
70.55 0.008
70.6 0.0067
70.65 0.0074
70.7 0.0082
70.75 0.0085
70.8 0.0089
70.85 0.0077
70.9 0.0065
70.95 0.0071
71 0.0077
71.05 0.0082
71.1 0.0088
71.15 0.0076
71.2 0.0063
71.25 0.0069
71.3 0.0073
71.35 0.008
71.4 0.0087
71.45 0.0075
71.5 0.0064
71.55 0.0066
71.6 0.0069
71.65 0.0078
71.7 0.0086
71.75 0.0075
71.8 0.0064
71.85 0.0065
71.9 0.0066
71.95 0.0076
72 0.0085
72.05 0.0076
72.1 0.0066
72.15 0.0064
72.2 0.0063
72.25 0.0074
72.3 0.0084
72.35 0.0076
72.4 0.0067
72.45 0.0065
72.5 0.0061
72.55 0.0072
72.6 0.0084
72.65 0.0077
72.7 0.0071
72.75 0.0065
72.8 0.006
72.85 0.0071
72.9 0.0083
72.95 0.0078
73 0.0074
73.05 0.0067
73.1 0.0059
73.15 0.0071
73.2 0.0082
73.25 0.0081
73.3 0.0079
73.35 0.007
73.4 0.006
73.45 0.007
73.5 0.0081
73.55 0.0082
73.6 0.0083
73.65 0.0073
73.7 0.0062
73.75 0.0071
73.8 0.0079
73.85 0.009
73.9 0.0088
73.95 0.0077
74 0.0065
74.05 0.0071
74.1 0.0078
74.15 0.0085
74.2 0.0093
74.25 0.0081
74.3 0.007
74.35 0.0073
74.4 0.0077
74.45 0.0087
74.5 0.0097
74.55 0.0086
74.6 0.0076
74.65 0.0077
74.7 0.0077
74.75 0.0089
74.8 0.0101
74.85 0.0093
74.9 0.0084
74.95 0.0081
75 0.0078
75.05 0.0091
75.1 0.0104
75.15 0.0099
75.2 0.0093
75.25 0.0087
75.3 0.008
75.35 0.0093
75.4 0.0107
75.45 0.0106
75.5 0.0104
75.55 0.0094
75.6 0.0085
75.65 0.0097
75.7 0.011
75.75 0.0113
75.8 0.0116
75.85 0.0104
75.9 0.0092
75.95 0.0102
76 0.0112
76.05 0.012
76.1 0.0128
76.15 0.0115
76.2 0.0103
76.25 0.0109
76.3 0.0115
76.35 0.0128
76.4 0.014
76.45 0.0129
76.5 0.0118
76.55 0.0119
76.6 0.012
76.65 0.0136
76.7 0.0152
76.75 0.0144
76.8 0.0135
76.85 0.0132
76.9 0.0128
76.95 0.0146
77 0.0164
77.05 0.0161
77.1 0.0158
77.15 0.0149
77.2 0.014
77.25 0.0158
77.3 0.0176
77.35 0.0179
77.4 0.0183
77.45 0.0171
77.5 0.016
77.55 0.0174
77.6 0.0189
77.65 0.0201
77.7 0.0213
77.75 0.0199
77.8 0.0186
77.85 0.0196
77.9 0.0205
77.95 0.0224
78 0.0245
78.05 0.0234
78.1 0.0223
78.15 0.0226
78.2 0.0229
78.25 0.0254
78.3 0.0279
78.35 0.0275
78.4 0.0272
78.45 0.0268
78.5 0.0264
78.55 0.0292
78.6 0.032
78.65 0.0327
78.7 0.0334
78.75 0.0325
78.8 0.0317
78.85 0.0344
78.9 0.0372
78.95 0.0392
79 0.0412
79.05 0.0403
79.1 0.0394
79.15 0.0417
79.2 0.0441
79.25 0.0477
79.3 0.0513
79.35 0.0517
79.4 0.0521
79.45 0.054
79.5 0.0559
79.55 0.0606
79.6 0.0653
79.65 0.0679
79.7 0.0687
79.75 0.0705
79.8 0.0723
79.85 0.0786
79.9 0.0848
79.95 0.0893
80 0.0939
80.05 0.0966
80.1 0.0994
80.15 0.1075
80.2 0.1157
80.25 0.125
80.3 0.1344
80.35 0.141
80.4 0.1475
80.45 0.1598
80.5 0.172
80.55 0.1912
80.6 0.2104
80.65 0.233
80.7 0.2557
80.75 0.317
80.8 0.3783
80.85 0.4651
80.9 0.552
80.95 0.6212
81 0.6905
81.05 0.7769
81.1 0.8633
81.15 0.9964
81.2 1.1295
81.25 1.3338
81.3 1.5382
81.35 1.869
81.4 2.1998
81.45 2.8183
81.5 3.4368
81.55 4.4964
81.6 6.1196
81.65 8.7715
81.7 13.5034
81.75 22.9892
81.8 44.3605
81.85 93.1032
81.9 181.265
81.95 274.229
82 280.311
82.05 183.109
82.1 86.9781
82.15 39.2261
82.2 19.9652
82.25 11.6063
82.3 7.4463
82.35 5.5868
82.4 3.7272
82.45 2.9677
82.5 2.2083
82.55 1.8384
82.6 1.4686
82.65 1.2602
82.7 1.0517
82.75 0.9176
82.8 0.7835
82.85 0.698
82.9 0.6127
82.95 0.5564
83 0.5001
83.05 0.4491
83.1 0.398
83.15 0.3387
83.2 0.2793
83.25 0.2518
83.3 0.2245
83.35 0.2073
83.4 0.1903
83.45 0.1738
83.5 0.1573
83.55 0.1479
83.6 0.1386
83.65 0.1328
83.7 0.127
83.75 0.1177
83.8 0.1085
83.85 0.1015
83.9 0.0944
83.95 0.0923
84 0.0903
84.05 0.0858
84.1 0.0813
84.15 0.0753
84.2 0.0692
84.25 0.0677
84.3 0.0661
84.35 0.0649
84.4 0.0638
84.45 0.0591
84.5 0.0545
84.55 0.0521
84.6 0.0498
84.65 0.0502
84.7 0.0506
84.75 0.0481
84.8 0.0455
84.85 0.0423
84.9 0.0391
84.95 0.0395
85 0.04
85.05 0.0395
85.1 0.0391
85.15 0.0359
85.2 0.0328
85.25 0.0321
85.3 0.0316
85.35 0.0325
85.4 0.0333
85.45 0.0312
85.5 0.0292
85.55 0.0274
85.6 0.0255
85.65 0.0266
85.7 0.0276
85.75 0.0273
85.8 0.0268
85.85 0.0244
85.9 0.0221
85.95 0.0222
86 0.0224
86.05 0.0233
86.1 0.0242
86.15 0.0224
86.2 0.0206
86.25 0.0195
86.3 0.0184
86.35 0.0196
86.4 0.0209
86.45 0.0204
86.5 0.0198
86.55 0.018
86.6 0.0161
86.65 0.0167
86.7 0.0173
86.75 0.0181
86.8 0.0188
86.85 0.0172
86.9 0.0155
86.95 0.0149
87 0.0142
87.05 0.0155
87.1 0.0167
87.15 0.0162
87.2 0.0156
87.25 0.0141
87.3 0.0126
87.35 0.0133
87.4 0.0141
87.45 0.0147
87.5 0.0154
87.55 0.0139
87.6 0.0124
87.65 0.012
87.7 0.0116
87.75 0.0128
87.8 0.014
87.85 0.0135
87.9 0.013
87.95 0.0117
88 0.0103
88.05 0.0111
88.1 0.0119
88.15 0.0125
88.2 0.0131
88.25 0.0119
88.3 0.0105
88.35 0.0101
88.4 0.0098
88.45 0.011
88.5 0.0122
88.55 0.0118
88.6 0.0114
88.65 0.0102
88.7 0.0089
88.75 0.0097
88.8 0.0103
88.85 0.0111
88.9 0.0118
88.95 0.0105
89 0.0093
89.05 0.0089
89.1 0.0086
89.15 0.0098
89.2 0.011
89.25 0.0107
89.3 0.0105
89.35 0.0092
89.4 0.008
89.45 0.0086
89.5 0.0093
89.55 0.0101
89.6 0.0109
89.65 0.0098
89.7 0.0087
89.75 0.0083
89.8 0.0078
89.85 0.0089
89.9 0.0101
89.95 0.0101
90 0.01
90.05 0.0088
90.1 0.0076
90.15 0.0081
90.2 0.0085
90.25 0.0094
90.3 0.0104
90.35 0.0096
90.4 0.0088
90.45 0.0081
90.5 0.0073
90.55 0.0084
90.6 0.0095
90.65 0.0098
90.7 0.01
90.75 0.0089
90.8 0.0076
90.85 0.0078
90.9 0.008
90.95 0.0091
91 0.0102
91.05 0.0096
91.1 0.0091
91.15 0.0082
91.2 0.0073
91.25 0.0082
91.3 0.0091
91.35 0.0097
91.4 0.0103
91.45 0.0093
91.5 0.0082
91.55 0.008
91.6 0.0078
91.65 0.009
91.7 0.0102
91.75 0.01
91.8 0.0099
91.85 0.0088
91.9 0.0078
91.95 0.0084
92 0.0089
92.05 0.0099
92.1 0.0108
92.15 0.0101
92.2 0.0093
92.25 0.0087
92.3 0.0081
92.35 0.0092
92.4 0.0103
92.45 0.0107
92.5 0.0111
92.55 0.01
92.6 0.009
92.65 0.0091
92.7 0.0092
92.75 0.0103
92.8 0.0116
92.85 0.0114
92.9 0.0111
92.95 0.0101
93 0.0092
93.05 0.01
93.1 0.0107
93.15 0.0117
93.2 0.0127
93.25 0.0118
93.3 0.011
93.35 0.0106
93.4 0.0101
93.45 0.0118
93.5 0.0134
93.55 0.0141
93.6 0.0148
93.65 0.0137
93.7 0.0126
93.75 0.0126
93.8 0.0125
93.85 0.0142
93.9 0.0157
93.95 0.0157
94 0.0158
94.05 0.0146
94.1 0.0135
94.15 0.0144
94.2 0.0151
94.25 0.0166
94.3 0.018
94.35 0.0175
94.4 0.017
94.45 0.0163
94.5 0.0155
94.55 0.017
94.6 0.0184
94.65 0.0196
94.7 0.0208
94.75 0.0199
94.8 0.019
94.85 0.0189
94.9 0.0188
94.95 0.0208
95 0.0227
95.05 0.0234
95.1 0.0241
95.15 0.0232
95.2 0.0222
95.25 0.0231
95.3 0.0238
95.35 0.0261
95.4 0.0284
95.45 0.0287
95.5 0.029
95.55 0.0284
95.6 0.0278
95.65 0.0296
95.7 0.0313
95.75 0.0339
95.8 0.0363
95.85 0.0365
95.9 0.0367
95.95 0.0369
96 0.0371
96.05 0.04
96.1 0.043
96.15 0.0458
96.2 0.0487
96.25 0.0492
96.3 0.0499
96.35 0.0515
96.4 0.0531
96.45 0.0579
96.5 0.0625
96.55 0.0664
96.6 0.0703
96.65 0.0725
96.7 0.0747
96.75 0.0792
96.8 0.0838
96.85 0.0918
96.9 0.0997
96.95 0.1073
97 0.1147
97.05 0.1221
97.1 0.1295
97.15 0.1427
97.2 0.156
97.25 0.1792
97.3 0.2026
97.35 0.2408
97.4 0.2789
97.45 0.3177
97.5 0.3564
97.55 0.4053
97.6 0.4542
97.65 0.5244
97.7 0.5945
97.75 0.6962
97.8 0.7979
97.85 0.9615
97.9 1.1252
97.95 1.4206
98 1.7162
98.05 2.3091
98.1 2.9019
98.15 4.3034
98.2 5.7048
98.25 9.9611
98.3 14.2173
98.35 25.6916
98.4 46.2765
98.45 81.0043
98.5 119.188
98.55 134.214
98.6 111.403
98.65 71.7589
98.7 40.7139
98.75 23.5723
98.8 13.977
98.85 9.0721
98.9 6.2505
98.95 4.8224
99 3.3944
99.05 2.7444
99.1 2.0945
99.15 1.7551
99.2 1.4156
99.25 1.2192
99.3 1.0226
99.35 0.8965
99.4 0.7705
99.45 0.6834
99.5 0.5964
99.55 0.5333
99.6 0.4702
99.65 0.4097
99.7 0.3492
99.75 0.2882
99.8 0.2271
99.85 0.1977
99.9 0.1682
99.95 0.1533
100 0.1384
100.05 0.1291
100.1 0.1199
100.15 0.1116
100.2 0.1034
100.25 0.096
100.3 0.0886
100.35 0.0838
100.4 0.079
100.45 0.0757
100.5 0.0725
100.55 0.0686
100.6 0.0648
100.65 0.061
100.7 0.0571
100.75 0.0548
100.8 0.0525
100.85 0.0511
100.9 0.0496
100.95 0.0475
101 0.0453
101.05 0.0429
101.1 0.0406
101.15 0.0394
101.2 0.038
101.25 0.0374
101.3 0.0367
101.35 0.0354
101.4 0.034
101.45 0.0324
101.5 0.0308
101.55 0.03
101.6 0.0293
101.65 0.029
101.7 0.0287
101.75 0.0267
101.8 0.0247
101.85 0.0231
101.9 0.0216
101.95 0.0214
102 0.0212
102.05 0.0215
102.1 0.0218
102.15 0.0208
102.2 0.0199
102.25 0.0186
102.3 0.0174
102.35 0.0174
102.4 0.0173
102.45 0.0177
102.5 0.018
102.55 0.0173
102.6 0.0165
102.65 0.0154
102.7 0.0144
102.75 0.0145
102.8 0.0146
102.85 0.0149
102.9 0.0154
102.95 0.0147
103 0.0141
103.05 0.0132
103.1 0.0123
103.15 0.0124
103.2 0.0125
103.25 0.013
103.3 0.0134
103.35 0.0128
103.4 0.0123
103.45 0.0115
103.5 0.0107
103.55 0.0109
103.6 0.011
103.65 0.0114
103.7 0.0118
103.75 0.0115
103.8 0.0111
103.85 0.0103
103.9 0.0096
103.95 0.0096
104 0.0097
104.05 0.0102
104.1 0.0107
104.15 0.0104
104.2 0.0101
104.25 0.0094
104.3 0.0087
104.35 0.0087
104.4 0.0088
104.45 0.0093
104.5 0.0098
104.55 0.0095
104.6 0.0094
104.65 0.0087
104.7 0.0081
104.75 0.008
104.8 0.0081
104.85 0.0086
104.9 0.0091
104.95 0.009
105 0.0089
105.05 0.0082
105.1 0.0076
105.15 0.0075
105.2 0.0075
105.25 0.008
105.3 0.0085
105.35 0.0084
105.4 0.0085
105.45 0.0079
105.5 0.0074
105.55 0.0071
105.6 0.0071
105.65 0.0075
105.7 0.008
105.75 0.0081
105.8 0.0082
105.85 0.0076
105.9 0.0072
105.95 0.007
106 0.0068
106.05 0.0072
106.1 0.0077
106.15 0.0078
106.2 0.008
106.25 0.0075
106.3 0.0072
106.35 0.0068
106.4 0.0066
106.45 0.007
106.5 0.0074
106.55 0.0076
106.6 0.0079
106.65 0.0076
106.7 0.0073
106.75 0.0069
106.8 0.0066
106.85 0.0068
106.9 0.0071
106.95 0.0075
107 0.0079
107.05 0.0076
107.1 0.0074
107.15 0.007
107.2 0.0066
107.25 0.0068
107.3 0.007
107.35 0.0074
107.4 0.0079
107.45 0.0077
107.5 0.0077
107.55 0.0072
107.6 0.0068
107.65 0.0068
107.7 0.0069
107.75 0.0074
107.8 0.0079
107.85 0.008
107.9 0.008
107.95 0.0076
108 0.0072
108.05 0.0071
108.1 0.0071
108.15 0.0075
108.2 0.008
108.25 0.0082
108.3 0.0085
108.35 0.0081
108.4 0.0077
108.45 0.0076
108.5 0.0073
108.55 0.0077
108.6 0.0082
108.65 0.0085
108.7 0.009
108.75 0.0087
108.8 0.0085
108.85 0.0082
108.9 0.0078
108.95 0.0081
109 0.0084
109.05 0.009
109.1 0.0095
109.15 0.0094
109.2 0.0094
109.25 0.009
109.3 0.0086
109.35 0.0087
109.4 0.0088
109.45 0.0095
109.5 0.01
109.55 0.0102
109.6 0.0104
109.65 0.01
109.7 0.0097
109.75 0.0096
109.8 0.0095
109.85 0.0101
109.9 0.0107
109.95 0.0111
110 0.0115
110.05 0.0113
110.1 0.0111
110.15 0.0109
110.2 0.0106
110.25 0.0111
110.3 0.0115
110.35 0.0122
110.4 0.0128
110.45 0.0129
110.5 0.0129
110.55 0.0125
110.6 0.0123
110.65 0.0125
110.7 0.0128
110.75 0.0135
110.8 0.0144
110.85 0.0147
110.9 0.0151
110.95 0.0149
111 0.0145
111.05 0.0146
111.1 0.0146
111.15 0.0154
111.2 0.0162
111.25 0.017
111.3 0.0177
111.35 0.0177
111.4 0.0177
111.45 0.0176
111.5 0.0174
111.55 0.0179
111.6 0.0187
111.65 0.0198
111.7 0.021
111.75 0.0214
111.8 0.0219
111.85 0.0218
111.9 0.0217
111.95 0.0221
112 0.0225
112.05 0.0238
112.1 0.0251
112.15 0.0263
112.2 0.0274
112.25 0.0277
112.3 0.028
112.35 0.0283
112.4 0.0285
112.45 0.0298
112.5 0.0311
112.55 0.033
112.6 0.0348
112.65 0.0359
112.7 0.037
112.75 0.0375
112.8 0.038
112.85 0.0394
112.9 0.0406
112.95 0.043
113 0.0455
113.05 0.048
113.1 0.0505
113.15 0.052
113.2 0.0536
113.25 0.0552
113.3 0.0569
113.35 0.06
113.4 0.0632
113.45 0.0675
113.5 0.0717
113.55 0.0756
113.6 0.0795
113.65 0.083
113.7 0.0865
113.75 0.0913
113.8 0.0961
113.85 0.1032
113.9 0.1104
113.95 0.1191
114 0.1277
114.05 0.1366
114.1 0.1454
114.15 0.1559
114.2 0.1664
114.25 0.1812
114.3 0.1962
114.35 0.217
114.4 0.2378
114.45 0.265
114.5 0.292
114.55 0.3283
114.6 0.3644
114.65 0.4165
114.7 0.4687
114.75 0.5427
114.8 0.6166
114.85 0.7169
114.9 0.817
114.95 0.9563
115 1.0955
115.05 1.304
115.1 1.5126
115.15 1.85
115.2 2.1875
115.25 2.7686
115.3 3.3498
115.35 4.4084
115.4 5.467
115.45 7.5033
115.5 9.5396
115.55 12.898
115.6 17.6386
115.65 24.2347
115.7 33.0884
115.75 44.2154
115.8 56.5784
115.85 68.0006
115.9 75.3233
115.95 75.9757
116 69.9172
116.05 59.0915
116.1 46.7237
116.15 35.307
116.2 26.0245
116.25 19.0232
116.3 13.9511
116.35 10.8622
116.4 7.7733
116.45 6.1937
116.5 4.6143
116.55 3.7684
116.6 2.9227
116.65 2.4437
116.7 1.9649
116.75 1.6784
116.8 1.3918
116.85 1.2087
116.9 1.0257
116.95 0.8985
117 0.7714
117.05 0.677
117.1 0.5825
117.15 0.5135
117.2 0.4446
117.25 0.3975
117.3 0.3505
117.35 0.3179
117.4 0.2853
117.45 0.2603
117.5 0.2351
117.55 0.2153
117.6 0.1954
117.65 0.1809
117.7 0.1664
117.75 0.1564
117.8 0.1464
117.85 0.1383
117.9 0.1302
117.95 0.122
118 0.1139
118.05 0.1063
118.1 0.0988
118.15 0.0935
118.2 0.0881
118.25 0.0847
118.3 0.0814
118.35 0.0785
118.4 0.0754
118.45 0.0715
118.5 0.0675
118.55 0.0636
118.6 0.0595
118.65 0.0569
118.7 0.0545
118.75 0.0533
118.8 0.0522
118.85 0.0509
118.9 0.0497
118.95 0.0472
119 0.0448
119.05 0.0423
119.1 0.0397
119.15 0.0384
119.2 0.037
119.25 0.0368
119.3 0.0366
119.35 0.036
119.4 0.0354
119.45 0.0338
119.5 0.0322
119.55 0.0304
119.6 0.0285
119.65 0.0277
119.7 0.027
119.75 0.027
119.8 0.0272
119.85 0.027
119.9 0.0268
119.95 0.0256
120 0.0245
120.05 0.0229
120.1 0.0215
120.15 0.021
120.2 0.0205
120.25 0.0208
120.3 0.021
120.35 0.0211
120.4 0.0212
120.45 0.0203
120.5 0.0194
120.55 0.0181
120.6 0.0169
120.65 0.0165
120.7 0.0161
120.75 0.0165
120.8 0.0169
120.85 0.0171
120.9 0.0173
120.95 0.0167
121 0.0159
121.05 0.0148
121.1 0.0138
121.15 0.0134
121.2 0.013
121.25 0.0134
121.3 0.0138
121.35 0.0141
121.4 0.0145
121.45 0.014
121.5 0.0135
121.55 0.0126
121.6 0.0116
121.65 0.0112
121.7 0.0108
121.75 0.0111
121.8 0.0115
121.85 0.0119
121.9 0.0123
121.95 0.012
122 0.0117
122.05 0.0109
122.1 0.0101
122.15 0.0096
122.2 0.0091
122.25 0.0093
122.3 0.0096
122.35 0.0101
122.4 0.0106
122.45 0.0106
122.5 0.0105
122.55 0.0098
122.6 0.009
122.65 0.0084
122.7 0.0079
122.75 0.0075
122.8 0.0071
122.85 0.0074
122.9 0.0077
122.95 0.0078
123 0.0079
123.05 0.0075
123.1 0.0072
123.15 0.0067
123.2 0.0062
123.25 0.0062
123.3 0.006
123.35 0.0063
123.4 0.0066
123.45 0.0068
123.5 0.007
123.55 0.0068
123.6 0.0065
123.65 0.0061
123.7 0.0056
123.75 0.0054
123.8 0.0051
123.85 0.0053
123.9 0.0055
123.95 0.0058
124 0.006
124.05 0.006
124.1 0.0059
124.15 0.0056
124.2 0.0052
124.25 0.0048
124.3 0.0045
124.35 0.0046
124.4 0.0046
124.45 0.0049
124.5 0.0052
124.55 0.0053
124.6 0.0054
124.65 0.0052
124.7 0.0049
124.75 0.0045
124.8 0.0042
124.85 0.0041
124.9 0.004
124.95 0.0042
125 0.0045
125.05 0.0047
125.1 0.0049
125.15 0.0049
125.2 0.0048
125.25 0.0043
125.3 0.004
125.35 0.0038
125.4 0.0035
125.45 0.0037
125.5 0.0038
125.55 0.0041
125.6 0.0043
125.65 0.0044
125.7 0.0045
125.75 0.0042
125.8 0.004
125.85 0.0036
125.9 0.0033
125.95 0.0033
126 0.0032
126.05 0.0034
126.1 0.0037
126.15 0.0039
126.2 0.004
126.25 0.004
126.3 0.0039
126.35 0.0036
126.4 0.0033
126.45 0.0031
126.5 0.0028
126.55 0.003
126.6 0.003
126.65 0.0033
126.7 0.0036
126.75 0.0036
126.8 0.0038
126.85 0.0035
126.9 0.0034
126.95 0.003
127 0.0028
127.05 0.0027
127.1 0.0026
127.15 0.0028
127.2 0.003
127.25 0.0032
127.3 0.0034
127.35 0.0034
127.4 0.0034
127.45 0.0031
127.5 0.0029
127.55 0.0026
127.6 0.0024
127.65 0.0025
127.7 0.0024
127.75 0.0026
127.8 0.0029
127.85 0.0031
127.9 0.0032
127.95 0.0031
128 0.003
128.05 0.0027
128.1 0.0025
128.15 0.0023
128.2 0.0021
128.25 0.0023
128.3 0.0024
128.35 0.0026
128.4 0.0028
128.45 0.0029
128.5 0.0031
128.55 0.0028
128.6 0.0027
128.65 0.0024
128.7 0.0022
128.75 0.0021
128.8 0.002
128.85 0.0021
128.9 0.0022
128.95 0.0024
129 0.0027
129.05 0.0028
129.1 0.0028
129.15 0.0026
129.2 0.0025
129.25 0.0022
129.3 0.002
129.35 0.0019
129.4 0.0018
129.45 0.002
129.5 0.0021
129.55 0.0024
129.6 0.0025
129.65 0.0026
129.7 0.0026
129.75 0.0024
129.8 0.0022
129.85 0.002
129.9 0.0017
129.95 0.0125
130 0.0231
