0.0 0.0 nan nan
0.25 0.0 nan nan
0.5 0.0 nan nan
0.75 0.0 nan nan
1.0 0.0 nan nan
1.25 0.0 nan nan
1.5 0.0 nan nan
1.75 0.0 nan nan
2.0 0.0 nan nan
2.25 0.0 nan nan
2.5 0.0 8.450000000000001 0.118
2.75 0.0 8.590000000000002 0.30400000000000005
3.0 0.0 8.729999999999999 0.113
3.25 0.0 8.120000000000001 0.112
3.5 0.0 7.84 0.0569
3.75 0.0 8.579999999999998 0.0895
4.0 0.0 7.78 0.0666
4.25 0.0 8.16 0.0843
4.5 0.0 8.37 0.08589999999999999
4.75 0.0 7.94 0.067
5.0 0.0 7.859999999999999 0.0709
5.25 0.0 7.78 0.0488
5.5 0.0 8.11 0.065
5.75 0.0 8.209999999999999 0.0675
6.0 0.0 7.96 0.0509
6.25 0.0 7.669999999999999 0.0523
6.5 0.0 8.14 0.155
6.75 0.0 8.219999999999999 0.049199999999999994
7.0 0.0 8.3 0.32099999999999995
7.25 0.0 8.290000000000001 0.055600000000000004
7.5 0.0 8.879999999999999 0.145
7.75 0.0 nan nan
8.0 0.0 nan nan
8.25 0.0 nan nan
8.5 0.0 nan nan
8.75 0.0 nan nan
9.0 0.0 nan nan
9.25 0.0 nan nan
9.5 0.0 nan nan
9.75 0.0 nan nan
10.0 0.0 nan nan
10.25 0.0 nan nan
10.5 0.0 nan nan
10.75 0.0 nan nan
11.0 0.0 nan nan
11.25 0.0 nan nan
11.5 0.0 nan nan
11.75 0.0 nan nan
12.0 0.0 nan nan
12.25 0.0 nan nan
12.5 0.0 nan nan
12.75 0.0 nan nan
13.0 0.0 nan nan
13.25 0.0 nan nan
13.5 0.0 nan nan
0.0 0.25 nan nan
0.25 0.25 nan nan
0.5 0.25 nan nan
0.75 0.25 nan nan
1.0 0.25 nan nan
1.25 0.25 8.27 0.106
1.5 0.25 8.04 0.0567
1.75 0.25 8.1 0.0973
2.0 0.25 8.42 0.111
2.25 0.25 8.34 0.118
2.5 0.25 8.99 0.248
2.75 0.25 7.869999999999999 0.0185
3.0 0.25 8.1 0.067
3.25 0.25 8.01 0.0517
3.5 0.25 8.43 0.11499999999999999
3.75 0.25 8.02 0.083
4.0 0.25 8.23 0.17800000000000002
4.25 0.25 8.69 0.0973
4.5 0.25 7.829999999999999 0.0563
4.75 0.25 8.09 0.049199999999999994
5.0 0.25 7.84 0.0533
5.25 0.25 8.07 0.11499999999999999
5.5 0.25 7.97 0.0399
5.75 0.25 7.91 0.048400000000000006
6.0 0.25 8.35 0.08259999999999999
6.25 0.25 8.03 0.037399999999999996
6.5 0.25 7.890000000000001 0.0406
6.75 0.25 8.049999999999999 0.0936
7.0 0.25 7.61 0.048100000000000004
7.25 0.25 7.859999999999999 0.059800000000000006
7.5 0.25 8.01 0.0936
7.75 0.25 7.859999999999999 0.057499999999999996
8.0 0.25 7.7700000000000005 0.0649
8.25 0.25 7.8 0.042300000000000004
8.5 0.25 7.96 0.052700000000000004
8.75 0.25 8.08 0.0586
9.0 0.25 8.34 0.059699999999999996
9.25 0.25 8.06 0.37
9.5 0.25 9.0 0.126
9.75 0.25 7.73 0.0816
10.0 0.25 nan nan
10.25 0.25 nan nan
10.5 0.25 nan nan
10.75 0.25 nan nan
11.0 0.25 nan nan
11.25 0.25 nan nan
11.5 0.25 nan nan
11.75 0.25 nan nan
12.0 0.25 nan nan
12.25 0.25 nan nan
12.5 0.25 nan nan
12.75 0.25 nan nan
13.0 0.25 nan nan
13.25 0.25 nan nan
13.5 0.25 nan nan
0.0 0.5 7.930000000000001 0.0809
0.25 0.5 7.720000000000001 0.0516
0.5 0.5 7.869999999999999 0.059
0.75 0.5 8.610000000000001 0.0746
1.0 0.5 7.94 0.0389
1.25 0.5 8.04 0.07039999999999999
1.5 0.5 nan 0.134
1.75 0.5 8.47 0.0697
2.0 0.5 8.37 0.109
2.25 0.5 8.35 0.063
2.5 0.5 7.84 0.0369
2.75 0.5 8.36 0.206
3.0 0.5 8.2 0.0414
3.25 0.5 8.87 0.0833
3.5 0.5 8.25 0.054
3.75 0.5 7.7700000000000005 0.144
4.0 0.5 7.920000000000001 0.0666
4.25 0.5 8.37 0.134
4.5 0.5 7.74 0.0698
4.75 0.5 8.0 0.0516
5.0 0.5 7.859999999999999 0.0502
5.25 0.5 8.03 0.0868
5.5 0.5 7.53 0.079
5.75 0.5 7.63 0.0505
6.0 0.5 7.62 0.0444
6.25 0.5 8.04 0.030600000000000002
6.5 0.5 7.700000000000001 0.0533
6.75 0.5 7.85 0.0256
7.0 0.5 7.869999999999999 0.0361
7.25 0.5 7.84 0.044899999999999995
7.5 0.5 8.03 0.215
7.75 0.5 7.930000000000001 0.042499999999999996
8.0 0.5 8.06 0.035100000000000006
8.25 0.5 8.08 0.0468
8.5 0.5 7.930000000000001 0.0817
8.75 0.5 8.02 0.0398
9.0 0.5 7.96 0.034499999999999996
9.25 0.5 7.84 0.0655
9.5 0.5 7.8 0.048400000000000006
9.75 0.5 8.13 0.0412
10.0 0.5 8.06 0.0512
10.25 0.5 7.97 0.0474
10.5 0.5 8.17 0.06369999999999999
10.75 0.5 8.209999999999999 0.0559
11.0 0.5 7.91 0.0377
11.25 0.5 7.47 0.113
11.5 0.5 nan nan
11.75 0.5 nan nan
12.0 0.5 nan nan
12.25 0.5 nan nan
12.5 0.5 nan nan
12.75 0.5 nan nan
13.0 0.5 nan nan
13.25 0.5 nan nan
13.5 0.5 nan nan
0.0 0.75 8.37 0.0657
0.25 0.75 9.24 0.257
0.5 0.75 7.5 0.0458
0.75 0.75 8.43 0.0545
1.0 0.75 7.359999999999999 0.267
1.25 0.75 nan nan
1.5 0.75 7.79 0.206
1.75 0.75 7.78 0.044700000000000004
2.0 0.75 7.64 0.0344
2.25 0.75 8.760000000000002 0.131
2.5 0.75 nan nan
2.75 0.75 8.01 0.103
3.0 0.75 8.19 0.0437
3.25 0.75 7.8 0.0521
3.5 0.75 7.9799999999999995 0.0265
3.75 0.75 7.829999999999999 0.0405
4.0 0.75 8.559999999999999 0.0918
4.25 0.75 8.8 0.227
4.5 0.75 8.01 0.027
4.75 0.75 8.23 0.0439
5.0 0.75 7.920000000000001 0.038099999999999995
5.25 0.75 7.96 0.0458
5.5 0.75 8.02 0.0417
5.75 0.75 8.399999999999999 0.0592
6.0 0.75 7.880000000000001 0.0297
6.25 0.75 8.16 0.0354
6.5 0.75 8.03 0.0399
6.75 0.75 7.890000000000001 0.051
7.0 0.75 8.06 0.0541
7.25 0.75 7.84 0.0758
7.5 0.75 8.09 0.0325
7.75 0.75 7.94 0.051399999999999994
8.0 0.75 8.13 0.054599999999999996
8.25 0.75 7.829999999999999 0.0433
8.5 0.75 8.03 0.0547
8.75 0.75 7.920000000000001 0.0548
9.0 0.75 7.95 0.046900000000000004
9.25 0.75 8.07 0.0592
9.5 0.75 7.97 0.04
9.75 0.75 7.79 0.0324
10.0 0.75 7.9799999999999995 0.04
10.25 0.75 8.049999999999999 0.0356
10.5 0.75 7.96 0.0419
10.75 0.75 8.2 0.04
11.0 0.75 8.08 0.0407
11.25 0.75 8.02 0.030500000000000003
11.5 0.75 7.989999999999999 0.055
11.75 0.75 8.13 0.0613
12.0 0.75 7.880000000000001 0.0599
12.25 0.75 8.08 0.0477
12.5 0.75 7.68 0.0655
12.75 0.75 nan nan
13.0 0.75 nan nan
13.25 0.75 nan nan
13.5 0.75 nan nan
0.0 1.0 8.290000000000001 0.051
0.25 1.0 8.13 0.0831
0.5 1.0 8.23 0.0495
0.75 1.0 7.81 0.0459
1.0 1.0 8.450000000000001 0.0331
1.25 1.0 7.760000000000001 0.0489
1.5 1.0 8.49 0.22499999999999998
1.75 1.0 7.95 0.0392
2.0 1.0 8.049999999999999 0.061099999999999995
2.25 1.0 7.8 0.0415
2.5 1.0 8.42 0.0681
2.75 1.0 8.08 0.0415
3.0 1.0 8.01 0.034300000000000004
3.25 1.0 8.35 0.053599999999999995
3.5 1.0 8.82 0.103
3.75 1.0 7.95 0.0441
4.0 1.0 7.84 0.0363
4.25 1.0 7.97 0.037399999999999996
4.5 1.0 8.17 0.0373
4.75 1.0 8.06 0.0728
5.0 1.0 8.09 0.0537
5.25 1.0 7.97 0.125
5.5 1.0 7.859999999999999 0.037399999999999996
5.75 1.0 8.04 0.035800000000000005
6.0 1.0 8.280000000000001 0.186
6.25 1.0 8.18 0.0511
6.5 1.0 7.9799999999999995 0.029
6.75 1.0 7.38 0.0235
7.0 1.0 7.930000000000001 0.0509
7.25 1.0 7.930000000000001 0.0348
7.5 1.0 7.930000000000001 0.039599999999999996
7.75 1.0 8.049999999999999 0.0236
8.0 1.0 7.91 0.038099999999999995
8.25 1.0 7.85 0.0274
8.5 1.0 7.84 0.038099999999999995
8.75 1.0 8.04 0.0283
9.0 1.0 7.869999999999999 0.0319
9.25 1.0 7.84 0.044899999999999995
9.5 1.0 8.02 0.053
9.75 1.0 7.96 0.0357
10.0 1.0 8.049999999999999 0.0421
10.25 1.0 7.7700000000000005 0.030699999999999998
10.5 1.0 7.85 0.032600000000000004
10.75 1.0 7.8 0.0263
11.0 1.0 7.81 0.0206
11.25 1.0 7.9799999999999995 0.036599999999999994
11.5 1.0 8.07 0.0408
11.75 1.0 7.84 0.050600000000000006
12.0 1.0 8.09 0.0455
12.25 1.0 8.15 0.040100000000000004
12.5 1.0 8.19 0.03
12.75 1.0 7.84 0.035800000000000005
13.0 1.0 7.62 0.0463
13.25 1.0 nan nan
13.5 1.0 nan nan
0.0 1.25 7.890000000000001 0.0822
0.25 1.25 8.290000000000001 0.0511
0.5 1.25 7.6899999999999995 0.0277
0.75 1.25 8.590000000000002 0.07
1.0 1.25 8.37 0.0406
1.25 1.25 7.94 0.041999999999999996
1.5 1.25 nan nan
1.75 1.25 8.01 0.10700000000000001
2.0 1.25 nan 0.523
2.25 1.25 7.84 0.0475
2.5 1.25 8.879999999999999 0.0607
2.75 1.25 7.94 0.030500000000000003
3.0 1.25 7.95 0.0468
3.25 1.25 8.610000000000001 0.355
3.5 1.25 8.03 0.0738
3.75 1.25 8.27 0.12
4.0 1.25 7.880000000000001 0.0489
4.25 1.25 8.26 0.054900000000000004
4.5 1.25 7.84 0.0244
4.75 1.25 7.9799999999999995 0.036
5.0 1.25 8.37 0.041600000000000005
5.25 1.25 7.6 0.0204
5.5 1.25 7.700000000000001 0.037
5.75 1.25 8.399999999999999 0.0482
6.0 1.25 8.11 0.0258
6.25 1.25 7.880000000000001 0.033600000000000005
6.5 1.25 8.23 0.013399999999999999
6.75 1.25 7.920000000000001 0.035800000000000005
7.0 1.25 7.9 0.0368
7.25 1.25 7.880000000000001 0.018699999999999998
7.5 1.25 7.97 0.032600000000000004
7.75 1.25 7.97 0.039400000000000004
8.0 1.25 8.09 0.027899999999999998
8.25 1.25 7.920000000000001 0.0303
8.5 1.25 8.07 0.030799999999999998
8.75 1.25 7.74 0.0274
9.0 1.25 7.9 0.0315
9.25 1.25 7.930000000000001 0.0276
9.5 1.25 7.78 0.0188
9.75 1.25 7.880000000000001 0.028399999999999998
10.0 1.25 7.890000000000001 0.0322
10.25 1.25 7.91 0.0232
10.5 1.25 7.84 0.0335
10.75 1.25 8.0 0.038099999999999995
11.0 1.25 7.920000000000001 0.0436
11.25 1.25 7.84 0.0385
11.5 1.25 7.95 0.0373
11.75 1.25 7.8 0.0203
12.0 1.25 7.669999999999999 0.0523
12.25 1.25 7.81 0.0206
12.5 1.25 7.819999999999999 0.029
12.75 1.25 7.859999999999999 0.0303
13.0 1.25 7.48 0.031400000000000004
13.25 1.25 7.6499999999999995 0.372
13.5 1.25 nan nan
0.0 1.5 7.829999999999999 0.024599999999999997
0.25 1.5 7.97 0.0509
0.5 1.5 7.63 0.0393
0.75 1.5 7.700000000000001 0.06770000000000001
1.0 1.5 8.24 0.09290000000000001
1.25 1.5 8.0 0.0397
1.5 1.5 7.74 0.024900000000000002
1.75 1.5 8.16 0.103
2.0 1.5 7.819999999999999 0.036500000000000005
2.25 1.5 8.13 0.0324
2.5 1.5 8.81 0.14700000000000002
2.75 1.5 7.97 0.0419
3.0 1.5 8.0 0.0415
3.25 1.5 7.9 0.0979
3.5 1.5 8.19 0.154
3.75 1.5 7.6899999999999995 0.0975
4.0 1.5 7.869999999999999 0.0256
4.25 1.5 8.590000000000002 0.0236
4.5 1.5 7.68 0.0317
4.75 1.5 8.17 0.057100000000000005
5.0 1.5 7.9799999999999995 0.035199999999999995
5.25 1.5 7.920000000000001 0.0631
5.5 1.5 8.68 0.053599999999999995
5.75 1.5 8.209999999999999 0.042300000000000004
6.0 1.5 7.97 0.0259
6.25 1.5 8.549999999999999 0.0317
6.5 1.5 7.91 0.0517
6.75 1.5 8.07 0.052000000000000005
7.0 1.5 7.880000000000001 0.0285
7.25 1.5 7.9799999999999995 0.03
7.5 1.5 7.78 0.037399999999999996
7.75 1.5 7.91 0.024
8.0 1.5 7.890000000000001 0.0424
8.25 1.5 7.95 0.031200000000000002
8.5 1.5 7.890000000000001 0.0259
8.75 1.5 7.81 0.0238
9.0 1.5 7.96 0.0297
9.25 1.5 7.890000000000001 0.0311
9.5 1.5 7.880000000000001 0.0224
9.75 1.5 7.85 0.027899999999999998
10.0 1.5 7.81 0.0371
10.25 1.5 8.02 0.038700000000000005
10.5 1.5 7.81 0.027899999999999998
10.75 1.5 7.53 0.0291
11.0 1.5 7.9 0.0431
11.25 1.5 7.68 0.0131
11.5 1.5 7.829999999999999 0.0341
11.75 1.5 7.94 0.0283
12.0 1.5 7.859999999999999 0.0283
12.25 1.5 7.930000000000001 0.0344
12.5 1.5 7.930000000000001 0.032100000000000004
12.75 1.5 7.81 0.016
13.0 1.5 7.63 0.0286
13.25 1.5 7.720000000000001 0.028900000000000002
13.5 1.5 7.33 0.0625
0.0 1.75 8.209999999999999 0.0557
0.25 1.75 7.55 0.0231
0.5 1.75 7.91 0.0585
0.75 1.75 7.859999999999999 0.0201
1.0 1.75 8.08 0.305
1.25 1.75 7.79 0.186
1.5 1.75 7.710000000000001 0.046
1.75 1.75 7.79 0.0254
2.0 1.75 7.48 0.0892
2.25 1.75 8.219999999999999 0.044199999999999996
2.5 1.75 7.96 0.0227
2.75 1.75 8.51 0.0934
3.0 1.75 7.819999999999999 0.0435
3.25 1.75 7.54 0.0274
3.5 1.75 8.280000000000001 0.0371
3.75 1.75 8.08 0.0847
4.0 1.75 7.829999999999999 0.0495
4.25 1.75 8.01 0.0424
4.5 1.75 7.9799999999999995 0.0402
4.75 1.75 8.14 0.047799999999999995
5.0 1.75 7.96 0.026799999999999997
5.25 1.75 7.94 0.0398
5.5 1.75 7.720000000000001 0.036699999999999997
5.75 1.75 7.989999999999999 0.034
6.0 1.75 7.920000000000001 0.0437
6.25 1.75 7.79 0.031
6.5 1.75 8.09 0.036699999999999997
6.75 1.75 7.97 0.054900000000000004
7.0 1.75 8.09 0.0472
7.25 1.75 7.819999999999999 0.0291
7.5 1.75 7.78 0.0325
7.75 1.75 7.819999999999999 0.0267
8.0 1.75 7.96 0.0171
8.25 1.75 7.720000000000001 0.03
8.5 1.75 7.91 0.0439
8.75 1.75 7.859999999999999 0.0236
9.0 1.75 7.81 0.034300000000000004
9.25 1.75 7.81 0.0333
9.5 1.75 7.78 0.0398
9.75 1.75 7.81 0.0248
10.0 1.75 7.700000000000001 0.0379
10.25 1.75 7.6899999999999995 0.031400000000000004
10.5 1.75 7.78 0.024900000000000002
10.75 1.75 7.829999999999999 0.024
11.0 1.75 7.75 0.0185
11.25 1.75 7.91 0.028399999999999998
11.5 1.75 7.869999999999999 0.025300000000000003
11.75 1.75 7.78 0.0294
12.0 1.75 7.890000000000001 0.030799999999999998
12.25 1.75 7.700000000000001 0.0362
12.5 1.75 7.829999999999999 0.0277
12.75 1.75 7.74 0.022
13.0 1.75 7.59 0.0148
13.25 1.75 7.53 0.0223
13.5 1.75 7.58 0.0222
0.0 2.0 7.7700000000000005 0.0298
0.25 2.0 8.11 0.0346
0.5 2.0 7.73 0.0294
0.75 2.0 7.85 0.035899999999999994
1.0 2.0 7.96 0.041600000000000005
1.25 2.0 7.75 0.0166
1.5 2.0 8.16 0.0405
1.75 2.0 7.91 0.041
2.0 2.0 8.83 0.128
2.25 2.0 8.49 0.0405
2.5 2.0 7.859999999999999 0.023
2.75 2.0 7.3100000000000005 0.042300000000000004
3.0 2.0 7.94 0.0383
3.25 2.0 7.37 0.016499999999999997
3.5 2.0 8.84 0.0828
3.75 2.0 7.64 0.0282
4.0 2.0 7.97 0.037200000000000004
4.25 2.0 7.890000000000001 0.024
4.5 2.0 7.819999999999999 0.0243
4.75 2.0 8.04 0.0488
5.0 2.0 7.81 0.0339
5.25 2.0 7.97 0.0422
5.5 2.0 7.7700000000000005 0.031599999999999996
5.75 2.0 8.15 0.0434
6.0 2.0 7.710000000000001 0.0219
6.25 2.0 7.710000000000001 0.030699999999999998
6.5 2.0 8.0 0.0286
6.75 2.0 8.09 0.0511
7.0 2.0 8.0 0.0248
7.25 2.0 7.880000000000001 0.022099999999999998
7.5 2.0 8.06 0.0361
7.75 2.0 7.700000000000001 0.0329
8.0 2.0 7.79 0.0216
8.25 2.0 7.81 0.0267
8.5 2.0 7.78 0.0297
8.75 2.0 7.669999999999999 0.021500000000000002
9.0 2.0 7.75 0.0202
9.25 2.0 7.819999999999999 0.032
9.5 2.0 7.760000000000001 0.024900000000000002
9.75 2.0 7.84 0.0259
10.0 2.0 7.73 0.0285
10.25 2.0 7.669999999999999 0.0251
10.5 2.0 7.669999999999999 0.0219
10.75 2.0 7.669999999999999 0.0201
11.0 2.0 7.68 0.0287
11.25 2.0 7.74 0.015300000000000001
11.5 2.0 7.6499999999999995 0.0255
11.75 2.0 7.79 0.022
12.0 2.0 7.73 0.0291
12.25 2.0 7.710000000000001 0.0291
12.5 2.0 7.68 0.0217
12.75 2.0 7.659999999999999 0.0328
13.0 2.0 7.669999999999999 0.019799999999999998
13.25 2.0 7.47 0.0219
13.5 2.0 7.47 0.021500000000000002
0.0 2.25 7.46 0.025300000000000003
0.25 2.25 7.59 0.0262
0.5 2.25 8.16 0.0327
0.75 2.25 8.290000000000001 0.025699999999999997
1.0 2.25 7.78 0.034300000000000004
1.25 2.25 7.9799999999999995 0.0328
1.5 2.25 7.46 0.0666
1.75 2.25 8.48 0.054900000000000004
2.0 2.25 8.43 0.044199999999999996
2.25 2.25 7.52 0.0944
2.5 2.25 7.57 0.111
2.75 2.25 7.869999999999999 0.0259
3.0 2.25 7.63 0.0245
3.25 2.25 7.880000000000001 0.0441
3.5 2.25 7.81 0.0277
3.75 2.25 7.84 0.022
4.0 2.25 7.53 0.0178
4.25 2.25 7.95 0.035199999999999995
4.5 2.25 7.74 0.0398
4.75 2.25 8.09 0.06770000000000001
5.0 2.25 7.829999999999999 0.0893
5.25 2.25 7.95 0.017599999999999998
5.5 2.25 7.55 0.123
5.75 2.25 8.399999999999999 0.0468
6.0 2.25 7.890000000000001 0.044
6.25 2.25 7.9799999999999995 0.031400000000000004
6.5 2.25 8.07 0.0593
6.75 2.25 7.819999999999999 0.0199
7.0 2.25 7.9 0.0315
7.25 2.25 7.73 0.0309
7.5 2.25 7.61 0.027
7.75 2.25 7.9799999999999995 0.0267
8.0 2.25 7.669999999999999 0.0288
8.25 2.25 7.74 0.0195
8.5 2.25 7.63 0.019700000000000002
8.75 2.25 7.63 0.024200000000000003
9.0 2.25 7.6899999999999995 0.024200000000000003
9.25 2.25 7.63 0.041
9.5 2.25 7.62 0.018699999999999998
9.75 2.25 7.52 0.0209
10.0 2.25 7.55 0.022099999999999998
10.25 2.25 7.51 0.0224
10.5 2.25 7.54 0.0233
10.75 2.25 7.63 0.0295
11.0 2.25 7.59 0.0272
11.25 2.25 7.5 0.0431
11.5 2.25 7.57 0.0219
11.75 2.25 7.63 0.025699999999999997
12.0 2.25 7.53 0.0274
12.25 2.25 7.49 0.0313
12.5 2.25 7.43 0.0364
12.75 2.25 7.51 0.0138
13.0 2.25 7.46 0.0207
13.25 2.25 7.35 0.0223
13.5 2.25 7.4 0.0276
0.0 2.5 7.51 0.11
0.25 2.5 7.54 0.0297
0.5 2.5 7.390000000000001 0.0243
0.75 2.5 7.9 0.052899999999999996
1.0 2.5 7.61 0.0178
1.25 2.5 7.920000000000001 0.027
1.5 2.5 7.37 0.08889999999999999
1.75 2.5 7.59 0.0256
2.0 2.5 7.91 0.0406
2.25 2.5 7.720000000000001 0.0199
2.5 2.5 7.55 0.09
2.75 2.5 7.54 0.0861
3.0 2.5 7.61 0.026099999999999998
3.25 2.5 7.51 0.19399999999999998
3.5 2.5 8.03 0.037399999999999996
3.75 2.5 7.91 0.026799999999999997
4.0 2.5 7.5 0.046
4.25 2.5 7.659999999999999 0.032999999999999995
4.5 2.5 7.5 0.14700000000000002
4.75 2.5 8.33 0.0393
5.0 2.5 7.61 0.017
5.25 2.5 7.81 0.0304
5.5 2.5 7.989999999999999 0.0224
5.75 2.5 8.13 0.037200000000000004
6.0 2.5 8.03 0.0294
6.25 2.5 8.06 0.026099999999999998
6.5 2.5 7.61 0.018
6.75 2.5 7.890000000000001 0.030199999999999998
7.0 2.5 7.63 0.0282
7.25 2.5 7.6899999999999995 0.0243
7.5 2.5 7.75 0.0222
7.75 2.5 7.659999999999999 0.0489
8.0 2.5 7.669999999999999 0.0205
8.25 2.5 7.47 0.0189
8.5 2.5 7.54 0.0182
8.75 2.5 7.45 0.019000000000000003
9.0 2.5 7.56 0.0159
9.25 2.5 7.659999999999999 0.013000000000000001
9.5 2.5 7.390000000000001 0.0173
9.75 2.5 7.43 0.0129
10.0 2.5 7.45 0.0161
10.25 2.5 7.45 0.015700000000000002
10.5 2.5 7.24 0.019700000000000002
10.75 2.5 7.38 0.011399999999999999
11.0 2.5 7.45 0.0146
11.25 2.5 7.4 0.0222
11.5 2.5 7.24 0.0233
11.75 2.5 7.26 0.0135
12.0 2.5 7.35 0.0141
12.25 2.5 7.29 0.027100000000000003
12.5 2.5 7.26 0.0184
12.75 2.5 7.33 0.0212
13.0 2.5 7.47 0.0188
13.25 2.5 7.0 0.35900000000000004
13.5 2.5 7.59 0.0269
0.0 2.75 7.4399999999999995 0.0259
0.25 2.75 7.4 0.0127
0.5 2.75 7.390000000000001 0.0223
0.75 2.75 7.220000000000001 0.0241
1.0 2.75 7.55 0.0433
1.25 2.75 7.34 0.0207
1.5 2.75 8.290000000000001 0.13199999999999998
1.75 2.75 7.16 0.124
2.0 2.75 7.57 0.0202
2.25 2.75 7.68 0.013900000000000001
2.5 2.75 7.38 0.293
2.75 2.75 7.27 0.019799999999999998
3.0 2.75 7.25 0.024200000000000003
3.25 2.75 6.76 0.03
3.5 2.75 7.32 0.12100000000000001
3.75 2.75 7.32 0.032299999999999995
4.0 2.75 7.220000000000001 0.0914
4.25 2.75 7.34 0.0172
4.5 2.75 8.01 0.024900000000000002
4.75 2.75 7.869999999999999 0.0479
5.0 2.75 7.859999999999999 0.054200000000000005
5.25 2.75 7.78 0.07880000000000001
5.5 2.75 7.48 0.0256
5.75 2.75 8.02 0.0288
6.0 2.75 7.74 0.0162
6.25 2.75 7.4 0.0214
6.5 2.75 7.669999999999999 0.0283
6.75 2.75 7.17 0.0137
7.0 2.75 7.24 0.06470000000000001
7.25 2.75 7.73 0.0248
7.5 2.75 7.27 0.0107
7.75 2.75 7.46 0.0128
8.0 2.75 7.62 0.0293
8.25 2.75 7.700000000000001 0.015799999999999998
8.5 2.75 7.52 0.0181
8.75 2.75 7.140000000000001 0.016
9.0 2.75 7.38 0.015399999999999999
9.25 2.75 7.27 0.018600000000000002
9.5 2.75 7.24 0.018600000000000002
9.75 2.75 7.140000000000001 0.016
10.0 2.75 7.04 0.0164
10.25 2.75 7.26 0.0172
10.5 2.75 7.1 0.0145
10.75 2.75 7.05 0.0167
11.0 2.75 7.1899999999999995 0.0227
11.25 2.75 7.04 0.0188
11.5 2.75 7.1 0.013900000000000001
11.75 2.75 7.140000000000001 0.0209
12.0 2.75 7.01 0.010499999999999999
12.25 2.75 7.21 0.0106
12.5 2.75 6.95 0.0199
12.75 2.75 6.89 0.015700000000000002
13.0 2.75 7.01 0.0173
13.25 2.75 6.98 0.016800000000000002
13.5 2.75 8.389999999999999 0.0412
0.0 3.0 7.27 0.0858
0.25 3.0 7.109999999999999 0.207
0.5 3.0 7.34 0.0335
0.75 3.0 7.27 0.157
1.0 3.0 7.74 0.0319
1.25 3.0 7.6499999999999995 0.0274
1.5 3.0 8.15 0.0448
1.75 3.0 7.97 0.119
2.0 3.0 7.02 0.0143
2.25 3.0 7.300000000000001 0.34900000000000003
2.5 3.0 7.55 0.0205
2.75 3.0 7.42 0.0247
3.0 3.0 7.869999999999999 0.0241
3.25 3.0 7.6499999999999995 0.022
3.5 3.0 7.45 0.0301
3.75 3.0 7.029999999999999 0.149
4.0 3.0 7.760000000000001 0.015300000000000001
4.25 3.0 7.3100000000000005 0.117
4.5 3.0 8.19 0.0177
4.75 3.0 7.359999999999999 0.0169
5.0 3.0 7.199999999999999 0.0206
5.25 3.0 7.6499999999999995 0.023899999999999998
5.5 3.0 7.53 0.015300000000000001
5.75 3.0 7.41 0.07490000000000001
6.0 3.0 7.3100000000000005 0.0146
6.25 3.0 7.32 0.0683
6.5 3.0 7.33 0.0199
6.75 3.0 7.359999999999999 0.0945
7.0 3.0 7.43 0.0225
7.25 3.0 7.45 0.0655
7.5 3.0 7.74 0.0189
7.75 3.0 7.21 0.0196
8.0 3.0 7.390000000000001 0.0243
8.25 3.0 7.55 0.0166
8.5 3.0 7.21 0.0206
8.75 3.0 7.1 0.13699999999999998
9.0 3.0 7.0600000000000005 0.0185
9.25 3.0 7.1 0.0136
9.5 3.0 7.0600000000000005 0.014199999999999999
9.75 3.0 7.199999999999999 0.015600000000000001
10.0 3.0 7.029999999999999 0.022799999999999997
10.25 3.0 7.24 0.00836
10.5 3.0 6.98 0.0172
10.75 3.0 7.0600000000000005 0.00743
11.0 3.0 7.01 0.0112
11.25 3.0 6.83 0.015799999999999998
11.5 3.0 7.02 0.218
11.75 3.0 7.199999999999999 0.019399999999999997
12.0 3.0 7.08 0.29
12.25 3.0 6.83 0.020800000000000003
12.5 3.0 6.93 0.00988
12.75 3.0 6.96 0.010400000000000001
13.0 3.0 6.680000000000001 0.45499999999999996
13.25 3.0 6.97 0.0895
13.5 3.0 6.97 0.0346
0.0 3.25 7.49 0.187
0.25 3.25 7.1899999999999995 0.0825
0.5 3.25 7.109999999999999 0.13
0.75 3.25 7.52 0.0193
1.0 3.25 7.33 0.07289999999999999
1.25 3.25 7.73 0.018699999999999998
1.5 3.25 7.16 0.0459
1.75 3.25 7.01 0.151
2.0 3.25 6.680000000000001 0.0138
2.25 3.25 7.0600000000000005 0.0171
2.5 3.25 8.02 0.128
2.75 3.25 7.07 0.426
3.0 3.25 7.16 0.0599
3.25 3.25 7.34 0.0753
3.5 3.25 7.46 0.017
3.75 3.25 7.79 0.015399999999999999
4.0 3.25 7.04 0.205
4.25 3.25 7.46 0.0645
4.5 3.25 7.9 0.0353
4.75 3.25 7.300000000000001 0.127
5.0 3.25 7.49 0.07569999999999999
5.25 3.25 7.5 0.0188
5.5 3.25 7.16 0.0563
5.75 3.25 7.55 0.0211
6.0 3.25 7.05 0.119
6.25 3.25 7.130000000000001 0.0828
6.5 3.25 7.33 0.0196
6.75 3.25 7.33 0.27799999999999997
7.0 3.25 7.859999999999999 0.0229
7.25 3.25 7.84 0.0245
7.5 3.25 7.46 0.0132
7.75 3.25 7.21 0.0297
8.0 3.25 7.199999999999999 0.017599999999999998
8.25 3.25 7.710000000000001 0.024599999999999997
8.5 3.25 7.21 0.031
8.75 3.25 7.08 0.01
9.0 3.25 7.26 0.0122
9.25 3.25 6.92 0.0169
9.5 3.25 7.0 0.0274
9.75 3.25 6.9399999999999995 0.0103
10.0 3.25 7.140000000000001 0.0178
10.25 3.25 7.15 0.007850000000000001
10.5 3.25 7.02 0.0145
10.75 3.25 6.82 0.0681
11.0 3.25 7.0600000000000005 0.0126
11.25 3.25 6.87 0.0905
11.5 3.25 nan nan
11.75 3.25 nan nan
12.0 3.25 6.86 0.09040000000000001
12.25 3.25 nan nan
12.5 3.25 6.87 0.0145
12.75 3.25 nan nan
13.0 3.25 nan nan
13.25 3.25 7.85 0.0283
13.5 3.25 7.04 0.135
0.0 3.5 7.37 0.0205
0.25 3.5 7.33 0.0152
0.5 3.5 7.48 0.11
0.75 3.5 7.16 0.061200000000000004
1.0 3.5 7.41 0.0849
1.25 3.5 7.64 0.08460000000000001
1.5 3.5 8.03 0.0585
1.75 3.5 6.95 0.111
2.0 3.5 7.38 0.07160000000000001
2.25 3.5 7.54 0.064
2.5 3.5 7.29 0.296
2.75 3.5 6.85 0.048400000000000006
3.0 3.5 6.99 0.017
3.25 3.5 7.880000000000001 0.031
3.5 3.5 7.55 0.153
3.75 3.5 7.68 0.148
4.0 3.5 7.41 0.10700000000000001
4.25 3.5 7.58 0.036500000000000005
4.5 3.5 7.21 0.18
4.75 3.5 6.92 0.0223
5.0 3.5 7.91 0.0217
5.25 3.5 7.6899999999999995 0.0244
5.5 3.5 7.46 0.0654
5.75 3.5 7.279999999999999 0.057100000000000005
6.0 3.5 7.720000000000001 0.0205
6.25 3.5 7.63 0.0217
6.5 3.5 7.37 0.0286
6.75 3.5 7.38 0.0462
7.0 3.5 7.119999999999999 0.0206
7.25 3.5 7.85 0.013399999999999999
7.5 3.5 7.4399999999999995 0.028900000000000002
7.75 3.5 7.55 0.017900000000000003
8.0 3.5 7.96 0.0235
8.25 3.5 6.92 0.151
8.5 3.5 7.32 0.0212
8.75 3.5 7.42 0.012
9.0 3.5 7.029999999999999 0.0281
9.25 3.5 7.33 0.0177
9.5 3.5 7.32 0.0167
9.75 3.5 6.87 0.0162
10.0 3.5 6.96 0.27
10.25 3.5 7.109999999999999 0.0135
10.5 3.5 nan nan
10.75 3.5 nan nan
11.0 3.5 nan nan
11.25 3.5 nan nan
11.5 3.5 nan nan
11.75 3.5 nan nan
12.0 3.5 nan nan
12.25 3.5 nan nan
12.5 3.5 nan nan
12.75 3.5 nan nan
13.0 3.5 nan nan
13.25 3.5 nan nan
13.5 3.5 6.86 0.0793
0.0 3.75 7.37 0.16999999999999998
0.25 3.75 7.6499999999999995 0.015300000000000001
0.5 3.75 7.4 0.133
0.75 3.75 6.9399999999999995 0.29700000000000004
1.0 3.75 6.83 0.155
1.25 3.75 7.59 0.063
1.5 3.75 7.63 0.0258
1.75 3.75 7.34 0.0244
2.0 3.75 6.67 0.11499999999999999
2.25 3.75 nan nan
2.5 3.75 8.07 0.0486
2.75 3.75 7.130000000000001 0.142
3.0 3.75 7.63 0.0247
3.25 3.75 7.02 0.0977
3.5 3.75 8.3 0.029
3.75 3.75 7.61 0.017900000000000003
4.0 3.75 7.78 0.0236
4.25 3.75 7.79 0.09960000000000001
4.5 3.75 7.6 0.0354
4.75 3.75 7.7700000000000005 0.026799999999999997
5.0 3.75 8.33 0.048400000000000006
5.25 3.75 7.94 0.022
5.5 3.75 7.74 0.016800000000000002
5.75 3.75 7.4399999999999995 0.0166
6.0 3.75 7.5 0.0107
6.25 3.75 8.17 0.040299999999999996
6.5 3.75 7.130000000000001 0.07
6.75 3.75 7.9799999999999995 0.0338
7.0 3.75 7.119999999999999 0.0591
7.25 3.75 7.64 0.018299999999999997
7.5 3.75 7.58 0.0203
7.75 3.75 7.710000000000001 0.0222
8.0 3.75 7.33 0.026799999999999997
8.25 3.75 7.48 0.0205
8.5 3.75 7.51 0.0231
8.75 3.75 7.52 0.0252
9.0 3.75 7.05 0.0276
9.25 3.75 7.48 0.0216
9.5 3.75 6.89 0.0266
9.75 3.75 7.17 0.0126
10.0 3.75 6.45 0.23099999999999998
10.25 3.75 7.109999999999999 0.022099999999999998
10.5 3.75 6.74 0.171
10.75 3.75 nan nan
11.0 3.75 nan nan
11.25 3.75 nan nan
11.5 3.75 nan nan
11.75 3.75 nan nan
12.0 3.75 nan nan
12.25 3.75 nan nan
12.5 3.75 nan nan
12.75 3.75 nan nan
13.0 3.75 nan nan
13.25 3.75 nan nan
13.5 3.75 6.76 0.0148
0.0 4.0 6.8 0.22
0.25 4.0 7.15 0.198
0.5 4.0 6.95 0.0202
0.75 4.0 7.08 0.017900000000000003
1.0 4.0 7.46 0.13
1.25 4.0 7.24 0.023
1.5 4.0 nan nan
1.75 4.0 6.99 0.201
2.0 4.0 7.07 0.114
2.25 4.0 6.66 0.14700000000000002
2.5 4.0 6.98 0.0719
2.75 4.0 7.0600000000000005 0.0255
3.0 4.0 7.4399999999999995 0.211
3.25 4.0 8.1 0.0283
3.5 4.0 7.63 0.096
3.75 4.0 8.25 0.302
4.0 4.0 7.62 0.0463
4.25 4.0 7.23 0.099
4.5 4.0 7.64 0.0821
4.75 4.0 8.33 0.0378
5.0 4.0 7.84 0.0418
5.25 4.0 7.8 0.024599999999999997
5.5 4.0 7.7700000000000005 0.0516
5.75 4.0 8.26 0.036
6.0 4.0 7.57 0.018299999999999997
6.25 4.0 7.38 0.013900000000000001
6.5 4.0 7.760000000000001 0.0837
6.75 4.0 7.62 0.0415
7.0 4.0 7.829999999999999 0.0773
7.25 4.0 7.63 0.0444
7.5 4.0 7.58 0.031200000000000002
7.75 4.0 7.819999999999999 0.0577
8.0 4.0 7.62 0.0288
8.25 4.0 7.07 0.0362
8.5 4.0 8.52 0.029
8.75 4.0 6.71 0.06509999999999999
9.0 4.0 7.029999999999999 0.0954
9.25 4.0 7.41 0.028
9.5 4.0 7.05 0.0933
9.75 4.0 7.02 0.027100000000000003
10.0 4.0 7.1 0.0117
10.25 4.0 6.98 0.161
10.5 4.0 6.64 0.283
10.75 4.0 nan nan
11.0 4.0 nan nan
11.25 4.0 nan nan
11.5 4.0 nan nan
11.75 4.0 nan nan
12.0 4.0 nan nan
12.25 4.0 nan nan
12.5 4.0 nan nan
12.75 4.0 nan nan
13.0 4.0 nan nan
13.25 4.0 nan nan
13.5 4.0 nan nan
0.0 4.25 7.0 0.14100000000000001
0.25 4.25 7.38 0.0653
0.5 4.25 7.04 0.108
0.75 4.25 7.199999999999999 0.125
1.0 4.25 7.26 0.243
1.25 4.25 6.9399999999999995 0.0659
1.5 4.25 7.58 0.504
1.75 4.25 7.42 0.105
2.0 4.25 7.140000000000001 0.0839
2.25 4.25 6.7299999999999995 0.013000000000000001
2.5 4.25 8.04 0.038700000000000005
2.75 4.25 nan nan
3.0 4.25 7.989999999999999 0.0181
3.25 4.25 7.57 0.134
3.5 4.25 8.18 0.258
3.75 4.25 7.55 0.048400000000000006
4.0 4.25 7.6899999999999995 0.0207
4.25 4.25 7.49 0.015300000000000001
4.5 4.25 7.710000000000001 0.0245
4.75 4.25 7.6499999999999995 0.08059999999999999
5.0 4.25 7.49 0.040100000000000004
5.25 4.25 7.41 0.157
5.5 4.25 7.55 0.0227
5.75 4.25 6.7700000000000005 0.128
6.0 4.25 7.91 0.0276
6.25 4.25 7.26 0.0684
6.5 4.25 7.75 0.0368
6.75 4.25 8.26 0.0309
7.0 4.25 7.73 0.0291
7.25 4.25 7.659999999999999 0.0266
7.5 4.25 8.02 0.0615
7.75 4.25 7.52 0.0658
8.0 4.25 7.720000000000001 0.0235
8.25 4.25 7.24 0.0682
8.5 4.25 7.5 0.0265
8.75 4.25 7.43 0.0209
9.0 4.25 7.5 0.0422
9.25 4.25 6.79 0.0175
9.5 4.25 7.29 0.112
9.75 4.25 7.119999999999999 0.144
10.0 4.25 6.69 0.19
10.25 4.25 6.75 0.16799999999999998
10.5 4.25 7.140000000000001 0.062
10.75 4.25 6.71 0.08499999999999999
11.0 4.25 nan nan
11.25 4.25 7.34 0.0244
11.5 4.25 nan nan
11.75 4.25 nan nan
12.0 4.25 nan nan
12.25 4.25 nan nan
12.5 4.25 nan nan
12.75 4.25 nan nan
13.0 4.25 nan nan
13.25 4.25 nan nan
13.5 4.25 nan nan
0.0 4.5 6.9399999999999995 0.07050000000000001
0.25 4.5 8.36 0.0519
0.5 4.5 7.02 0.18
0.75 4.5 6.85 0.201
1.0 4.5 7.15 0.023
1.25 4.5 7.6499999999999995 0.106
1.5 4.5 nan nan
1.75 4.5 7.58 0.0795
2.0 4.5 7.1899999999999995 0.08320000000000001
2.25 4.5 nan nan
2.5 4.5 7.880000000000001 0.0254
2.75 4.5 7.0600000000000005 0.032999999999999995
3.0 4.5 7.09 0.08460000000000001
3.25 4.5 7.91 0.111
3.5 4.5 7.49 0.0258
3.75 4.5 7.359999999999999 0.0282
4.0 4.5 7.8 0.0369
4.25 4.5 8.03 0.0764
4.5 4.5 7.029999999999999 0.13199999999999998
4.75 4.5 7.119999999999999 0.0446
5.0 4.5 7.17 0.0461
5.25 4.5 7.25 0.158
5.5 4.5 7.53 0.0297
5.75 4.5 7.78 0.024599999999999997
6.0 4.5 7.24 0.08729999999999999
6.25 4.5 7.4 0.024900000000000002
6.5 4.5 6.92 0.218
6.75 4.5 7.51 0.0144
7.0 4.5 7.54 0.027899999999999998
7.25 4.5 7.38 0.12200000000000001
7.5 4.5 7.01 0.0585
7.75 4.5 7.63 0.0462
8.0 4.5 7.34 0.0362
8.25 4.5 7.49 0.0564
8.5 4.5 7.6899999999999995 0.0698
8.75 4.5 7.45 0.022600000000000002
9.0 4.5 7.05 0.06770000000000001
9.25 4.5 7.25 0.021500000000000002
9.5 4.5 7.3100000000000005 0.015399999999999999
9.75 4.5 7.32 0.032999999999999995
10.0 4.5 7.119999999999999 0.013900000000000001
10.25 4.5 7.46 0.127
10.5 4.5 6.67 0.023899999999999998
10.75 4.5 6.83 0.0277
11.0 4.5 6.74 0.129
11.25 4.5 nan nan
11.5 4.5 nan nan
11.75 4.5 nan nan
12.0 4.5 nan nan
12.25 4.5 nan nan
12.5 4.5 nan nan
12.75 4.5 nan nan
13.0 4.5 nan nan
13.25 4.5 nan nan
13.5 4.5 nan nan
0.0 4.75 7.27 0.173
0.25 4.75 7.17 0.015099999999999999
0.5 4.75 6.88 0.167
0.75 4.75 7.04 0.08979999999999999
1.0 4.75 6.97 0.07390000000000001
1.25 4.75 7.26 0.0164
1.5 4.75 7.930000000000001 0.053899999999999997
1.75 4.75 7.109999999999999 0.329
2.0 4.75 6.74 0.014199999999999999
2.25 4.75 7.27 0.41
2.5 4.75 nan nan
2.75 4.75 nan nan
3.0 4.75 7.17 0.0294
3.25 4.75 7.4399999999999995 0.0399
3.5 4.75 7.220000000000001 0.0339
3.75 4.75 6.97 0.207
4.0 4.75 7.880000000000001 0.041600000000000005
4.25 4.75 6.89 0.0137
4.5 4.75 7.23 0.117
4.75 4.75 7.6499999999999995 0.0349
5.0 4.75 7.56 0.0576
5.25 4.75 7.62 0.018299999999999997
5.5 4.75 7.68 0.0233
5.75 4.75 7.6899999999999995 0.0325
6.0 4.75 7.25 0.0567
6.25 4.75 8.03 0.047099999999999996
6.5 4.75 8.01 0.0223
6.75 4.75 7.42 0.09029999999999999
7.0 4.75 7.21 0.0905
7.25 4.75 7.52 0.0182
7.5 4.75 8.34 0.037399999999999996
7.75 4.75 7.48 0.144
8.0 4.75 7.3100000000000005 0.06
8.25 4.75 7.220000000000001 0.113
8.5 4.75 7.59 0.024999999999999998
8.75 4.75 7.37 0.0908
9.0 4.75 6.96 0.0446
9.25 4.75 7.17 0.103
9.5 4.75 7.1 0.0227
9.75 4.75 7.34 0.024200000000000003
10.0 4.75 7.08 0.0266
10.25 4.75 6.56 0.0754
10.5 4.75 6.92 0.09820000000000001
10.75 4.75 7.54 0.030799999999999998
11.0 4.75 7.0 0.00975
11.25 4.75 6.74 0.18300000000000002
11.5 4.75 6.67 0.0446
11.75 4.75 nan nan
12.0 4.75 6.74 0.26399999999999996
12.25 4.75 nan nan
12.5 4.75 nan nan
12.75 4.75 nan nan
13.0 4.75 nan nan
13.25 4.75 nan nan
13.5 4.75 nan nan
0.0 5.0 7.52 0.13899999999999998
0.25 5.0 7.4399999999999995 0.018
0.5 5.0 7.51 0.117
0.75 5.0 7.54 0.0565
1.0 5.0 7.15 0.0639
1.25 5.0 7.47 0.045599999999999995
1.5 5.0 7.08 0.0276
1.75 5.0 6.56 0.013399999999999999
2.0 5.0 6.28 0.0364
2.25 5.0 8.25 0.0892
2.5 5.0 6.3500000000000005 0.0116
2.75 5.0 7.54 0.0858
3.0 5.0 6.74 0.123
3.25 5.0 8.0 0.035899999999999994
3.5 5.0 7.07 0.135
3.75 5.0 7.42 0.109
4.0 5.0 6.9399999999999995 0.13899999999999998
4.25 5.0 7.26 0.056
4.5 5.0 7.43 0.051
4.75 5.0 7.09 0.123
5.0 5.0 7.38 0.049999999999999996
5.25 5.0 7.199999999999999 0.048100000000000004
5.5 5.0 7.9 0.023899999999999998
5.75 5.0 7.52 0.063
6.0 5.0 7.279999999999999 0.113
6.25 5.0 7.26 0.08020000000000001
6.5 5.0 7.300000000000001 0.0576
6.75 5.0 7.52 0.0377
7.0 5.0 7.56 0.0297
7.25 5.0 7.760000000000001 0.0715
7.5 5.0 7.989999999999999 0.0775
7.75 5.0 7.51 0.0661
8.0 5.0 6.87 0.0629
8.25 5.0 7.62 0.0231
8.5 5.0 8.02 0.038099999999999995
8.75 5.0 7.04 0.09169999999999999
9.0 5.0 7.029999999999999 0.0914
9.25 5.0 7.62 0.06470000000000001
9.5 5.0 7.52 0.0768
9.75 5.0 7.359999999999999 0.061900000000000004
10.0 5.0 8.1 0.061399999999999996
10.25 5.0 7.09 0.0313
10.5 5.0 6.86 0.114
10.75 5.0 7.18 0.109
11.0 5.0 6.89 0.09290000000000001
11.25 5.0 7.130000000000001 0.0275
11.5 5.0 6.83 0.0277
11.75 5.0 6.8 0.035
12.0 5.0 6.6000000000000005 0.027100000000000003
12.25 5.0 6.4799999999999995 0.0137
12.5 5.0 6.37 0.013000000000000001
12.75 5.0 6.36 0.017
13.0 5.0 6.39 0.0195
13.25 5.0 6.9 0.6759999999999999
13.5 5.0 7.6899999999999995 0.0191
0.0 5.25 8.120000000000001 0.144
0.25 5.25 7.84 0.0639
0.5 5.25 8.569999999999999 0.050600000000000006
0.75 5.25 9.24 0.0544
1.0 5.25 8.559999999999999 0.128
1.25 5.25 8.85 0.07869999999999999
1.5 5.25 6.96 0.0126
1.75 5.25 6.96 0.17700000000000002
2.0 5.25 6.319999999999999 0.0138
2.25 5.25 6.76 0.106
2.5 5.25 6.98 0.986
2.75 5.25 6.84 0.53
3.0 5.25 7.01 0.09620000000000001
3.25 5.25 7.8 0.030199999999999998
3.5 5.25 7.5 0.0836
3.75 5.25 8.2 0.0493
4.0 5.25 7.52 0.103
4.25 5.25 7.890000000000001 0.0465
4.5 5.25 8.07 0.036699999999999997
4.75 5.25 7.74 0.0293
5.0 5.25 8.31 0.0361
5.25 5.25 8.0 0.038700000000000005
5.5 5.25 8.02 0.027
5.75 5.25 7.84 0.0238
6.0 5.25 8.219999999999999 0.0408
6.25 5.25 8.559999999999999 0.0412
6.5 5.25 7.78 0.059699999999999996
6.75 5.25 8.549999999999999 0.038099999999999995
7.0 5.25 7.45 0.111
7.25 5.25 8.18 0.173
7.5 5.25 7.8 0.0473
7.75 5.25 8.52 0.851
8.0 5.25 7.3100000000000005 0.0287
8.25 5.25 7.9 0.056
8.5 5.25 8.27 0.038799999999999994
8.75 5.25 8.3 0.0573
9.0 5.25 7.61 0.192
9.25 5.25 8.290000000000001 0.06369999999999999
9.5 5.25 7.6499999999999995 0.0287
9.75 5.25 8.51 0.06
10.0 5.25 6.89 0.0977
10.25 5.25 7.700000000000001 0.0976
10.5 5.25 8.11 0.0328
10.75 5.25 7.26 0.064
11.0 5.25 8.04 0.0965
11.25 5.25 7.04 0.109
11.5 5.25 7.25 0.0738
11.75 5.25 6.9399999999999995 0.0161
12.0 5.25 6.6499999999999995 0.125
12.25 5.25 6.88 0.0118
12.5 5.25 6.72 0.094
12.75 5.25 7.1899999999999995 0.0265
13.0 5.25 8.569999999999999 0.0277
13.25 5.25 8.399999999999999 0.07479999999999999
13.5 5.25 9.53 0.235
