40 0.0686
40.05 0.0659
40.1 0.0633
40.15 0.0688
40.2 0.0743
40.25 0.0727
40.3 0.0712
40.35 0.075
40.4 0.0787
40.45 0.0804
40.5 0.082
40.55 0.0791
40.6 0.0834
40.65 0.0887
40.7 0.0939
40.75 0.0922
40.8 0.0905
40.85 0.098
40.9 0.1057
40.95 0.1051
41 0.102
41.05 0.1093
41.1 0.1164
41.15 0.1176
41.2 0.1186
41.25 0.1231
41.3 0.1275
41.35 0.1335
41.4 0.1395
41.45 0.1369
41.5 0.1417
41.55 0.1544
41.6 0.163
41.65 0.1629
41.7 0.1629
41.75 0.1755
41.8 0.1882
41.85 0.1909
41.9 0.1937
41.95 0.1998
42 0.2165
42.05 0.2261
42.1 0.2357
42.15 0.2443
42.2 0.2528
42.25 0.2711
42.3 0.2894
42.35 0.2972
42.4 0.3049
42.45 0.3307
42.5 0.3565
42.55 0.3698
42.6 0.3831
42.65 0.4138
42.7 0.4445
42.75 0.4722
42.8 0.4999
42.85 0.5357
42.9 0.5716
42.95 0.6243
43 0.6771
43.05 0.7318
43.1 0.7866
43.15 0.9631
43.2 1.1395
43.25 1.5506
43.3 1.751
43.35 1.9474
43.4 2.1794
43.45 2.4451
43.5 2.7107
43.55 3.0939
43.6 3.477
43.65 4.0625
43.7 4.6478
43.75 5.5605
43.8 6.4731
43.85 7.8775
43.9 9.7935
43.95 12.4921
44 16.5606
44.05 23.6221
44.1 36.2627
44.15 67.8316
44.2 162.32
44.25 436.822
44.3 1046.83
44.35 1908.43
44.4 2376.27
44.45 1434.4
44.5 368.792
44.55 110.6
44.6 50.9731
44.65 29.6938
44.7 18.7664
44.75 13.1024
44.8 9.6965
44.85 7.4915
44.9 5.9561
44.95 4.9809
45 4.0057
45.05 3.4
45.1 2.9316
45.15 2.5689
45.2 2.2061
45.25 1.98
45.3 1.7538
45.35 1.5885
45.4 1.4232
45.45 1.297
45.5 1.1709
45.55 1.0666
45.6 0.9623
45.65 0.8402
45.7 0.718
45.75 0.6753
45.8 0.6325
45.85 0.5832
45.9 0.5338
45.95 0.5045
46 0.4752
46.05 0.4481
46.1 0.421
46.15 0.3939
46.2 0.3669
46.25 0.3545
46.3 0.3423
46.35 0.3178
46.4 0.2932
46.45 0.2869
46.5 0.2805
46.55 0.2626
46.6 0.2448
46.65 0.2371
46.7 0.2293
46.75 0.2205
46.8 0.2116
46.85 0.2002
46.9 0.1887
46.95 0.1869
47 0.1851
47.05 0.1724
47.1 0.1597
47.15 0.1598
47.2 0.1601
47.25 0.1505
47.3 0.1411
47.35 0.1385
47.4 0.1359
47.45 0.1366
47.5 0.1287
47.55 0.122
47.6 0.1153
47.65 0.1164
47.7 0.1174
47.75 0.1092
47.8 0.1008
47.85 0.1027
47.9 0.1046
47.95 0.0986
48 0.0925
48.05 0.0916
48.1 0.0905
48.15 0.089
48.2 0.0875
48.25 0.0828
48.3 0.0781
48.35 0.0801
48.4 0.0822
48.45 0.0761
48.5 0.0699
48.55 0.0721
48.6 0.0744
48.65 0.0702
48.7 0.0662
48.75 0.0655
48.8 0.0649
48.85 0.0647
48.9 0.0644
48.95 0.0605
49 0.0566
49.05 0.0597
49.1 0.0628
49.15 0.0576
49.2 0.0524
49.25 0.0548
49.3 0.0572
49.35 0.0542
49.4 0.0512
49.45 0.0505
49.5 0.0499
49.55 0.0505
49.6 0.0512
49.65 0.0475
49.7 0.0438
49.75 0.0466
49.8 0.0495
49.85 0.0453
49.9 0.041
49.95 0.043
50 0.045
50.05 0.0431
50.1 0.0412
50.15 0.0402
50.2 0.0392
50.25 0.0406
50.3 0.042
50.35 0.0384
50.4 0.0348
50.45 0.0377
50.5 0.0406
50.55 0.0371
50.6 0.0336
50.65 0.035
50.7 0.0365
50.75 0.0356
50.8 0.0347
50.85 0.0332
50.9 0.0317
50.95 0.0337
51 0.0356
51.05 0.0321
51.1 0.0287
51.15 0.0314
51.2 0.0341
51.25 0.0313
51.3 0.0287
51.35 0.0294
51.4 0.0301
51.45 0.0303
51.5 0.0303
51.55 0.0282
51.6 0.0261
51.65 0.0286
51.7 0.031
51.75 0.0277
51.8 0.0245
51.85 0.0267
51.9 0.029
51.95 0.0272
52 0.0255
52.05 0.0254
52.1 0.0252
52.15 0.0262
52.2 0.0273
52.25 0.0248
52.3 0.0221
52.35 0.0247
52.4 0.0273
52.45 0.0246
52.5 0.0218
52.55 0.0233
52.6 0.0248
52.65 0.0241
52.7 0.0235
52.75 0.0224
52.8 0.0212
52.85 0.0231
52.9 0.025
52.95 0.0223
53 0.0194
53.05 0.0218
53.1 0.0242
53.15 0.0222
53.2 0.0202
53.25 0.0208
53.3 0.0212
53.35 0.0217
53.4 0.0223
53.45 0.0203
53.5 0.0184
53.55 0.0206
53.6 0.023
53.65 0.0204
53.7 0.0178
53.75 0.0195
53.8 0.0213
53.85 0.0204
53.9 0.0196
53.95 0.0189
54 0.0181
54.05 0.0198
54.1 0.0214
54.15 0.0189
54.2 0.0164
54.25 0.0188
54.3 0.021
54.35 0.0191
54.4 0.0172
54.45 0.0178
54.5 0.0185
54.55 0.0189
54.6 0.0194
54.65 0.0177
54.7 0.0159
54.75 0.0181
54.8 0.0204
54.85 0.0179
54.9 0.0155
54.95 0.0172
55 0.0188
55.05 0.0181
55.1 0.0174
55.15 0.0167
55.2 0.016
55.25 0.0176
55.3 0.0193
55.35 0.017
55.4 0.0145
55.45 0.0168
55.5 0.019
55.55 0.0173
55.6 0.0157
55.65 0.0161
55.7 0.0165
55.75 0.0173
55.8 0.0181
55.85 0.0161
55.9 0.0143
55.95 0.0166
56 0.0188
56.05 0.0166
56.1 0.0145
56.15 0.0157
56.2 0.0171
56.25 0.0169
56.3 0.0167
56.35 0.0156
56.4 0.0145
56.45 0.0164
56.5 0.0184
56.55 0.0161
56.6 0.0137
56.65 0.0156
56.7 0.0176
56.75 0.0165
56.8 0.0154
56.85 0.0152
56.9 0.015
56.95 0.0164
57 0.0177
57.05 0.0156
57.1 0.0134
57.15 0.0157
57.2 0.0179
57.25 0.0162
57.3 0.0146
57.35 0.0152
57.4 0.0156
57.45 0.0164
57.5 0.0171
57.55 0.0153
57.6 0.0135
57.65 0.0158
57.7 0.0181
57.75 0.016
57.8 0.014
57.85 0.0153
57.9 0.0164
57.95 0.0164
58 0.0165
58.05 0.0153
58.1 0.0141
58.15 0.0161
58.2 0.0182
58.25 0.0159
58.3 0.0137
58.35 0.0155
58.4 0.0173
58.45 0.0167
58.5 0.016
58.55 0.0153
58.6 0.0147
58.65 0.0165
58.7 0.0183
58.75 0.0161
58.8 0.0138
58.85 0.016
58.9 0.0181
58.95 0.017
59 0.0158
59.05 0.0158
59.1 0.0158
59.15 0.0172
59.2 0.0186
59.25 0.0165
59.3 0.0143
59.35 0.0167
59.4 0.0191
59.45 0.0175
59.5 0.0159
59.55 0.0164
59.6 0.0169
59.65 0.0109
59.7 0.0048
59.75 0.0045
59.8 0.0042
59.85 0.0048
59.9 0.0054
59.95 0.005
60 0.0047
60.05 0.0051
60.1 0.0054
60.15 0.0056
60.2 0.0058
60.25 0.0055
60.3 0.0052
60.35 0.0061
60.4 0.0068
60.45 0.0063
60.5 0.0059
60.55 0.0064
60.6 0.007
60.65 0.0071
60.7 0.0073
60.75 0.007
60.8 0.0069
60.85 0.0077
60.9 0.0085
60.95 0.0081
61 0.0077
61.05 0.0084
61.1 0.009
61.15 0.0093
61.2 0.0095
61.25 0.0093
61.3 0.0093
61.35 0.0103
61.4 0.0114
61.45 0.0109
61.5 0.0105
61.55 0.0115
61.6 0.0124
61.65 0.0127
61.7 0.013
61.75 0.0132
61.8 0.0132
61.85 0.0146
61.9 0.0158
61.95 0.0156
62 0.0153
62.05 0.0167
62.1 0.0179
62.15 0.0186
62.2 0.0192
62.25 0.0197
62.3 0.02
62.35 0.022
62.4 0.024
62.45 0.0241
62.5 0.0242
62.55 0.0264
62.6 0.0285
62.65 0.03
62.7 0.0315
62.75 0.0327
62.8 0.0341
62.85 0.0376
62.9 0.0411
62.95 0.0425
63 0.0441
63.05 0.0485
63.1 0.0528
63.15 0.0573
63.2 0.0617
63.25 0.0671
63.3 0.0724
63.35 0.0848
63.4 0.0973
63.45 0.1248
63.5 0.1523
63.55 0.1872
63.6 0.222
63.65 0.2516
63.7 0.2812
63.75 0.3172
63.8 0.3533
63.85 0.4097
63.9 0.4661
63.95 0.5478
64 0.6295
64.05 0.7685
64.1 0.9075
64.15 1.1648
64.2 1.4221
64.25 1.972
64.3 2.522
64.35 4.0518
64.4 5.5818
64.45 9.4138
64.5 17.5803
64.55 35.1318
64.6 67.7244
64.65 110.145
64.7 134.365
64.75 112.512
64.8 64.9973
64.85 30.6638
64.9 14.586
64.95 7.6976
65 4.5186
65.05 3.2509
65.1 1.9834
65.15 1.5358
65.2 1.0884
65.25 0.8849
65.3 0.6815
65.35 0.574
65.4 0.4665
65.45 0.4053
65.5 0.3442
65.55 0.3027
65.6 0.2613
65.65 0.2352
65.7 0.2089
65.75 0.189
65.8 0.169
65.85 0.1467
65.9 0.1244
65.95 0.1077
66 0.091
66.05 0.0818
66.1 0.0726
66.15 0.0671
66.2 0.0615
66.25 0.0579
66.3 0.0544
66.35 0.0501
66.4 0.0459
66.45 0.0439
66.5 0.0419
66.55 0.0394
66.6 0.0369
66.65 0.0347
66.7 0.0324
66.75 0.0316
66.8 0.0307
66.85 0.0286
66.9 0.0266
66.95 0.0254
67 0.025
67.05 0.0241
67.1 0.0233
67.15 0.0218
67.2 0.0204
67.25 0.0203
67.3 0.0201
67.35 0.0191
67.4 0.018
67.45 0.0174
67.5 0.0168
67.55 0.0166
67.6 0.0165
67.65 0.0155
67.7 0.0144
67.75 0.0144
67.8 0.0143
67.85 0.0139
67.9 0.0135
67.95 0.0129
68 0.0122
68.05 0.0124
68.1 0.0125
68.15 0.0118
68.2 0.0111
68.25 0.011
68.3 0.0109
68.35 0.0108
68.4 0.0108
68.45 0.0102
68.5 0.0095
68.55 0.0097
68.6 0.0099
68.65 0.0096
68.7 0.0092
68.75 0.0088
68.8 0.0086
68.85 0.0088
68.9 0.009
68.95 0.0085
69 0.0079
69.05 0.008
69.1 0.0081
69.15 0.008
69.2 0.008
69.25 0.0075
69.3 0.0071
69.35 0.0074
69.4 0.0078
69.45 0.0074
69.5 0.007
69.55 0.0069
69.6 0.0067
69.65 0.007
69.7 0.0072
69.75 0.0067
69.8 0.0063
69.85 0.0064
69.9 0.0066
69.95 0.0066
70 0.0065
70.05 0.0062
70.1 0.0058
70.15 0.0062
70.2 0.0065
70.25 0.0062
70.3 0.0057
70.35 0.0058
70.4 0.0059
70.45 0.006
70.5 0.0062
70.55 0.0058
70.6 0.0052
70.65 0.0056
70.7 0.0059
70.75 0.0058
70.8 0.0057
70.85 0.0054
70.9 0.0051
70.95 0.0055
71 0.0059
71.05 0.0055
71.1 0.005
71.15 0.0052
71.2 0.0053
71.25 0.0054
71.3 0.0057
71.35 0.0052
71.4 0.0048
71.45 0.0052
71.5 0.0056
71.55 0.0053
71.6 0.0052
71.65 0.005
71.7 0.0048
71.75 0.0053
71.8 0.0056
71.85 0.0051
71.9 0.0047
71.95 0.0049
72 0.0052
72.05 0.0053
72.1 0.0054
72.15 0.005
72.2 0.0046
72.25 0.0051
72.3 0.0055
72.35 0.0053
72.4 0.0051
72.45 0.0048
72.5 0.0047
72.55 0.0052
72.6 0.0057
72.65 0.0052
72.7 0.0047
72.75 0.0049
72.8 0.0051
72.85 0.0053
72.9 0.0054
72.95 0.005
73 0.0045
73.05 0.0052
73.1 0.0057
73.15 0.0054
73.2 0.0051
73.25 0.005
73.3 0.0048
73.35 0.0054
73.4 0.0059
73.45 0.0053
73.5 0.0049
73.55 0.0051
73.6 0.0054
73.65 0.0056
73.7 0.0058
73.75 0.0053
73.8 0.0048
73.85 0.0054
73.9 0.006
73.95 0.0057
74 0.0056
74.05 0.0054
74.1 0.0051
74.15 0.0058
74.2 0.0064
74.25 0.0059
74.3 0.0053
74.35 0.0055
74.4 0.0058
74.45 0.0061
74.5 0.0064
74.55 0.0059
74.6 0.0053
74.65 0.006
74.7 0.0066
74.75 0.0064
74.8 0.0063
74.85 0.006
74.9 0.0057
74.95 0.0065
75 0.0072
75.05 0.0066
75.1 0.0061
75.15 0.0063
75.2 0.0065
75.25 0.007
75.3 0.0075
75.35 0.0068
75.4 0.0062
75.45 0.0068
75.5 0.0074
75.55 0.0075
75.6 0.0076
75.65 0.0071
75.7 0.0066
75.75 0.0075
75.8 0.0084
75.85 0.0079
75.9 0.0076
75.95 0.0076
76 0.0075
76.05 0.0083
76.1 0.0091
76.15 0.0084
76.2 0.0077
76.25 0.0082
76.3 0.0087
76.35 0.0091
76.4 0.0095
76.45 0.0089
76.5 0.0082
76.55 0.0092
76.6 0.0101
76.65 0.01
76.7 0.0099
76.75 0.0096
76.8 0.0092
76.85 0.0103
76.9 0.0114
76.95 0.0108
77 0.0103
77.05 0.0105
77.1 0.0108
77.15 0.0118
77.2 0.0126
77.25 0.0118
77.3 0.0111
77.35 0.0119
77.4 0.0127
77.45 0.0133
77.5 0.0138
77.55 0.013
77.6 0.0123
77.65 0.0137
77.7 0.0151
77.75 0.015
77.8 0.0149
77.85 0.0147
77.9 0.0144
77.95 0.016
78 0.0176
78.05 0.0176
78.1 0.0165
78.15 0.0169
78.2 0.0174
78.25 0.0189
78.3 0.0204
78.35 0.0196
78.4 0.0187
78.45 0.0201
78.5 0.0214
78.55 0.0225
78.6 0.0236
78.65 0.0229
78.7 0.0222
78.75 0.0243
78.8 0.0264
78.85 0.027
78.9 0.0275
78.95 0.0275
79 0.0273
79.05 0.0301
79.1 0.0328
79.15 0.0329
79.2 0.033
79.25 0.034
79.3 0.035
79.35 0.0383
79.4 0.0418
79.45 0.0418
79.5 0.0419
79.55 0.0446
79.6 0.0472
79.65 0.0504
79.7 0.0535
79.75 0.0542
79.8 0.0549
79.85 0.0593
79.9 0.0638
79.95 0.0677
80 0.0714
80.05 0.0737
80.1 0.0761
80.15 0.0833
80.2 0.0906
80.25 0.0961
80.3 0.1016
80.35 0.1077
80.4 0.1138
80.45 0.1264
80.5 0.1389
80.55 0.1507
80.6 0.1625
80.65 0.1837
80.7 0.2048
80.75 0.2651
80.8 0.3252
80.85 0.3973
80.9 0.4695
80.95 0.532
81 0.5946
81.05 0.6785
81.1 0.7625
81.15 0.8766
81.2 0.9908
81.25 1.176
81.3 1.3612
81.35 1.6767
81.4 1.9921
81.45 2.5792
81.5 3.1663
81.55 4.492
81.6 5.8177
81.65 9.6567
81.7 13.4957
81.75 23.527
81.8 45.6245
81.85 93.1963
81.9 173.58
81.95 253.427
82 257.828
82.05 175.416
82.1 88.4266
82.15 41.014
82.2 20.6205
82.25 11.8855
82.3 7.2495
82.35 4.8613
82.4 3.4543
82.45 2.7232
82.5 1.9922
82.55 1.6439
82.6 1.2957
82.65 1.0986
82.7 0.9016
82.75 0.7881
82.8 0.6746
82.85 0.6003
82.9 0.5261
82.95 0.4696
83 0.413
83.05 0.3725
83.1 0.3321
83.15 0.283
83.2 0.234
83.25 0.2035
83.3 0.173
83.35 0.1608
83.4 0.1486
83.45 0.1376
83.5 0.1267
83.55 0.1159
83.6 0.105
83.65 0.1011
83.7 0.0971
83.75 0.0909
83.8 0.0845
83.85 0.0783
83.9 0.0719
83.95 0.0706
84 0.0693
84.05 0.0649
84.1 0.0605
84.15 0.0566
84.2 0.0526
84.25 0.0524
84.3 0.0524
84.35 0.0489
84.4 0.0454
84.45 0.0429
84.5 0.0404
84.55 0.0408
84.6 0.0412
84.65 0.0382
84.7 0.0352
84.75 0.0338
84.8 0.0323
84.85 0.0329
84.9 0.0334
84.95 0.0308
85 0.0281
85.05 0.0273
85.1 0.0267
85.15 0.0272
85.2 0.0278
85.25 0.0253
85.3 0.023
85.35 0.0227
85.4 0.0225
85.45 0.023
85.5 0.0234
85.55 0.0213
85.6 0.0192
85.65 0.0193
85.7 0.0195
85.75 0.0198
85.8 0.0202
85.85 0.0182
85.9 0.0163
85.95 0.0166
86 0.0171
86.05 0.0173
86.1 0.0175
86.15 0.0158
86.2 0.014
86.25 0.0146
86.3 0.0152
86.35 0.0153
86.4 0.0154
86.45 0.0139
86.5 0.0123
86.55 0.0131
86.6 0.0137
86.65 0.0137
86.7 0.0137
86.75 0.0123
86.8 0.0109
86.85 0.0117
86.9 0.0125
86.95 0.0125
87 0.0123
87.05 0.0111
87.1 0.0098
87.15 0.0106
87.2 0.0116
87.25 0.0114
87.3 0.0112
87.35 0.01
87.4 0.0089
87.45 0.0098
87.5 0.0108
87.55 0.0105
87.6 0.0103
87.65 0.0092
87.7 0.0082
87.75 0.0091
87.8 0.01
87.85 0.0098
87.9 0.0095
87.95 0.0086
88 0.0076
88.05 0.0085
88.1 0.0095
88.15 0.0092
88.2 0.0088
88.25 0.008
88.3 0.0071
88.35 0.008
88.4 0.009
88.45 0.0086
88.5 0.0083
88.55 0.0076
88.6 0.0067
88.65 0.0076
88.7 0.0085
88.75 0.0082
88.8 0.0079
88.85 0.0071
88.9 0.0063
88.95 0.0072
89 0.0082
89.05 0.0079
89.1 0.0076
89.15 0.0069
89.2 0.0061
89.25 0.007
89.3 0.0078
89.35 0.0076
89.4 0.0073
89.45 0.0066
89.5 0.0058
89.55 0.0067
89.6 0.0075
89.65 0.0074
89.7 0.0072
89.75 0.0065
89.8 0.0057
89.85 0.0065
89.9 0.0074
89.95 0.0072
90 0.0071
90.05 0.0063
90.1 0.0056
90.15 0.0063
90.2 0.0072
90.25 0.0072
90.3 0.007
90.35 0.0063
90.4 0.0055
90.45 0.0063
90.5 0.007
90.55 0.007
90.6 0.0071
90.65 0.0063
90.7 0.0054
90.75 0.0062
90.8 0.0068
90.85 0.0071
90.9 0.0071
90.95 0.0063
91 0.0055
91.05 0.0061
91.1 0.0068
91.15 0.007
91.2 0.0072
91.25 0.0064
91.3 0.0056
91.35 0.0062
91.4 0.0067
91.45 0.007
91.5 0.0075
91.55 0.0066
91.6 0.0058
91.65 0.0062
91.7 0.0066
91.75 0.0071
91.8 0.0077
91.85 0.0069
91.9 0.0061
91.95 0.0064
92 0.0067
92.05 0.0076
92.1 0.008
92.15 0.0072
92.2 0.0064
92.25 0.0066
92.3 0.0067
92.35 0.0075
92.4 0.0082
92.45 0.0076
92.5 0.0069
92.55 0.0068
92.6 0.0069
92.65 0.0077
92.7 0.0086
92.75 0.0081
92.8 0.0074
92.85 0.0072
92.9 0.0071
92.95 0.008
93 0.009
93.05 0.0086
93.1 0.0082
93.15 0.0079
93.2 0.0074
93.25 0.0085
93.3 0.0095
93.35 0.0093
93.4 0.009
93.45 0.009
93.5 0.0089
93.55 0.0097
93.6 0.0105
93.65 0.0107
93.7 0.0109
93.75 0.0103
93.8 0.0096
93.85 0.0104
93.9 0.0111
93.95 0.0116
94 0.0121
94.05 0.0114
94.1 0.0107
94.15 0.0114
94.2 0.0119
94.25 0.0127
94.3 0.0135
94.35 0.0129
94.4 0.0122
94.45 0.0127
94.5 0.0129
94.55 0.014
94.6 0.0151
94.65 0.0147
94.7 0.0142
94.75 0.0143
94.8 0.0145
94.85 0.0157
94.9 0.0171
94.95 0.0169
95 0.0168
95.05 0.0167
95.1 0.0165
95.15 0.0179
95.2 0.0195
95.25 0.0198
95.3 0.0201
95.35 0.0199
95.4 0.0195
95.45 0.0211
95.5 0.0226
95.55 0.0236
95.6 0.0246
95.65 0.0243
95.7 0.024
95.75 0.0256
95.8 0.0271
95.85 0.0288
95.9 0.0305
95.95 0.0305
96 0.0306
96.05 0.032
96.1 0.0336
96.15 0.0363
96.2 0.0389
96.25 0.0398
96.3 0.0405
96.35 0.0422
96.4 0.0438
96.45 0.0476
96.5 0.0515
96.55 0.0539
96.6 0.0563
96.65 0.0588
96.7 0.0611
96.75 0.0668
96.8 0.0723
96.85 0.0778
96.9 0.0832
96.95 0.0882
97 0.0933
97.05 0.1028
97.1 0.1123
97.15 0.1256
97.2 0.1389
97.25 0.1578
97.3 0.1766
97.35 0.2123
97.4 0.2482
97.45 0.2897
97.5 0.331
97.55 0.3767
97.6 0.4224
97.65 0.4875
97.7 0.5526
97.75 0.657
97.8 0.7614
97.85 0.9314
97.9 1.1014
97.95 1.4093
98 1.7174
98.05 2.3649
98.1 3.0123
98.15 4.6169
98.2 6.2216
98.25 9.6975
98.3 16.0961
98.35 28.7301
98.4 49.8809
98.45 82.1635
98.5 114.55
98.55 125.864
98.6 106.376
98.65 72.0179
98.7 42.954
98.75 25.4489
98.8 15.1214
98.85 9.6857
98.9 6.5571
98.95 4.9998
99 3.4424
99.05 2.7581
99.1 2.0739
99.15 1.7267
99.2 1.3797
99.25 1.1791
99.3 0.9785
99.35 0.8524
99.4 0.7262
99.45 0.6443
99.5 0.5623
99.55 0.5008
99.6 0.4392
99.65 0.377
99.7 0.3147
99.75 0.2585
99.8 0.2024
99.85 0.1763
99.9 0.15
99.95 0.1346
100 0.1192
100.05 0.1087
100.1 0.0983
100.15 0.0925
100.2 0.0867
100.25 0.0813
100.3 0.0758
100.35 0.07
100.4 0.0644
100.45 0.0614
100.5 0.0583
100.55 0.0561
100.6 0.0539
100.65 0.0503
100.7 0.0467
100.75 0.0444
100.8 0.042
100.85 0.0412
100.9 0.0404
100.95 0.0384
101 0.0363
101.05 0.0341
101.1 0.032
101.15 0.0315
101.2 0.0311
101.25 0.0303
101.3 0.0296
101.35 0.0277
101.4 0.0259
101.45 0.0252
101.5 0.0244
101.55 0.0244
101.6 0.0245
101.65 0.0232
101.7 0.022
101.75 0.0202
101.8 0.0183
101.85 0.0188
101.9 0.0192
101.95 0.0183
102 0.0174
102.05 0.0162
102.1 0.015
102.15 0.0153
102.2 0.0157
102.25 0.0156
102.3 0.0156
102.35 0.0143
102.4 0.013
102.45 0.0129
102.5 0.0128
102.55 0.0132
102.6 0.0138
102.65 0.0129
102.7 0.012
102.75 0.0113
102.8 0.0107
102.85 0.0112
102.9 0.0118
102.95 0.0116
103 0.0114
103.05 0.0105
103.1 0.0094
103.15 0.0097
103.2 0.0098
103.25 0.0103
103.3 0.0107
103.35 0.0098
103.4 0.009
103.45 0.0086
103.5 0.0083
103.55 0.0089
103.6 0.0095
103.65 0.0092
103.7 0.0089
103.75 0.0081
103.8 0.0074
103.85 0.0078
103.9 0.0081
103.95 0.0087
104 0.0087
104.05 0.008
104.1 0.0072
104.15 0.007
104.2 0.0068
104.25 0.0075
104.3 0.0081
104.35 0.0077
104.4 0.0074
104.45 0.0068
104.5 0.0061
104.55 0.0066
104.6 0.007
104.65 0.0073
104.7 0.0075
104.75 0.0068
104.8 0.0062
104.85 0.0061
104.9 0.006
104.95 0.0065
105 0.0071
105.05 0.0068
105.1 0.0066
105.15 0.006
105.2 0.0055
105.25 0.0058
105.3 0.0062
105.35 0.0065
105.4 0.0068
105.45 0.0062
105.5 0.0056
105.55 0.0054
105.6 0.0054
105.65 0.0059
105.7 0.0065
105.75 0.0063
105.8 0.0061
105.85 0.0056
105.9 0.005
105.95 0.0054
106 0.0057
106.05 0.0061
106.1 0.0065
106.15 0.0058
106.2 0.0053
106.25 0.0052
106.3 0.005
106.35 0.0056
106.4 0.0062
106.45 0.0061
106.5 0.0059
106.55 0.0054
106.6 0.0049
106.65 0.0052
106.7 0.0054
106.75 0.0059
106.8 0.0063
106.85 0.0058
106.9 0.0054
106.95 0.0052
107 0.0049
107.05 0.0054
107.1 0.006
107.15 0.006
107.2 0.0061
107.25 0.0056
107.3 0.005
107.35 0.0052
107.4 0.0053
107.45 0.0059
107.5 0.0064
107.55 0.0061
107.6 0.0058
107.65 0.0054
107.7 0.005
107.75 0.0055
107.8 0.006
107.85 0.0062
107.9 0.0065
107.95 0.006
108 0.0055
108.05 0.0055
108.1 0.0054
108.15 0.006
108.2 0.0066
108.25 0.0065
108.3 0.0064
108.35 0.006
108.4 0.0055
108.45 0.0058
108.5 0.0061
108.55 0.0066
108.6 0.007
108.65 0.0067
108.7 0.0063
108.75 0.0061
108.8 0.0058
108.85 0.0064
108.9 0.0069
108.95 0.0071
109 0.0074
109.05 0.0069
109.1 0.0064
109.15 0.0065
109.2 0.0065
109.25 0.0071
109.3 0.0078
109.35 0.0077
109.4 0.0076
109.45 0.0072
109.5 0.0068
109.55 0.0071
109.6 0.0075
109.65 0.008
109.7 0.0086
109.75 0.0083
109.8 0.008
109.85 0.0077
109.9 0.0075
109.95 0.0081
110 0.0087
110.05 0.0091
110.1 0.0094
110.15 0.009
110.2 0.0085
110.25 0.0086
110.3 0.0086
110.35 0.0094
110.4 0.0101
110.45 0.0102
110.5 0.0103
110.55 0.0099
110.6 0.0095
110.65 0.0098
110.7 0.0102
110.75 0.0109
110.8 0.0117
110.85 0.0116
110.9 0.0115
110.95 0.0112
111 0.0109
111.05 0.0116
111.1 0.0122
111.15 0.0129
111.2 0.0136
111.25 0.0134
111.3 0.0132
111.35 0.0131
111.4 0.0131
111.45 0.014
111.5 0.0149
111.55 0.0155
111.6 0.0161
111.65 0.0158
111.7 0.0156
111.75 0.0158
111.8 0.0161
111.85 0.0172
111.9 0.0184
111.95 0.0189
112 0.0194
112.05 0.0193
112.1 0.0191
112.15 0.0197
112.2 0.0204
112.25 0.0218
112.3 0.0231
112.35 0.0237
112.4 0.0243
112.45 0.0243
112.5 0.0244
112.55 0.0255
112.6 0.0267
112.65 0.0284
112.7 0.0301
112.75 0.0308
112.8 0.0315
112.85 0.032
112.9 0.0326
112.95 0.0344
113 0.0363
113.05 0.0385
113.1 0.0408
113.15 0.042
113.2 0.0432
113.25 0.0446
113.3 0.0459
113.35 0.0489
113.4 0.0519
113.45 0.0553
113.5 0.0586
113.55 0.0611
113.6 0.0635
113.65 0.0665
113.7 0.0696
113.75 0.0748
113.8 0.08
113.85 0.0859
113.9 0.0918
113.95 0.0973
114 0.1028
114.05 0.11
114.1 0.1172
114.15 0.1279
114.2 0.1387
114.25 0.1519
114.3 0.1651
114.35 0.1805
114.4 0.196
114.45 0.2181
114.5 0.2401
114.55 0.2742
114.6 0.3083
114.65 0.3572
114.7 0.4062
114.75 0.4714
114.8 0.5365
114.85 0.6235
114.9 0.7105
114.95 0.8351
115 0.9596
115.05 1.148
115.1 1.3364
115.15 1.6412
115.2 1.9459
115.25 2.4809
115.3 3.0159
115.35 4.0264
115.4 5.037
115.45 7.0702
115.5 9.1035
115.55 12.5793
115.6 17.6204
115.65 24.9789
115.7 34.7425
115.75 47.4238
115.8 61.7481
115.85 74.93
115.9 83.11
115.95 83.323
116 75.496
116.05 62.4794
116.1 48.2148
116.15 35.4771
116.2 25.4663
116.25 18.158
116.3 13.0223
116.35 10.0115
116.4 7.0007
116.45 5.5291
116.5 4.0576
116.55 3.2979
116.6 2.5383
116.65 2.1191
116.7 1.7
116.75 1.4502
116.8 1.2005
116.85 1.0393
116.9 0.8782
116.95 0.7675
117 0.6567
117.05 0.5762
117.1 0.4956
117.15 0.4356
117.2 0.3756
117.25 0.3324
117.3 0.2892
117.35 0.2596
117.4 0.23
117.45 0.2104
117.5 0.1909
117.55 0.1766
117.6 0.1623
117.65 0.1499
117.7 0.1375
117.75 0.1273
117.8 0.1172
117.85 0.1102
117.9 0.1033
117.95 0.0981
118 0.0929
118.05 0.0874
118.1 0.0819
118.15 0.0767
118.2 0.0715
118.25 0.0681
118.3 0.0647
118.35 0.0625
118.4 0.0602
118.45 0.0574
118.5 0.0546
118.55 0.0515
118.6 0.0483
118.65 0.0462
118.7 0.0442
118.75 0.0432
118.8 0.0422
118.85 0.0408
118.9 0.0393
118.95 0.0372
119 0.035
119.05 0.0335
119.1 0.032
119.15 0.0316
119.2 0.0311
119.25 0.0305
119.3 0.0298
119.35 0.0283
119.4 0.0268
119.45 0.0256
119.5 0.0243
119.55 0.0241
119.6 0.0238
119.65 0.0236
119.7 0.0234
119.75 0.0224
119.8 0.0214
119.85 0.0203
119.9 0.0192
119.95 0.019
120 0.0187
120.05 0.0188
120.1 0.0189
120.15 0.0183
120.2 0.0177
120.25 0.0167
120.3 0.0158
120.35 0.0154
120.4 0.015
120.45 0.0152
120.5 0.0155
120.55 0.0152
120.6 0.015
120.65 0.0142
120.7 0.0134
120.75 0.0129
120.8 0.0124
120.85 0.0126
120.9 0.0128
120.95 0.0128
121 0.0129
121.05 0.0123
121.1 0.0117
121.15 0.0111
121.2 0.0105
121.25 0.0105
121.3 0.0106
121.35 0.0109
121.4 0.0111
121.45 0.0108
121.5 0.0105
121.55 0.0098
121.6 0.0092
121.65 0.009
121.7 0.0089
121.75 0.0092
121.8 0.0095
121.85 0.0095
121.9 0.0094
121.95 0.0089
122 0.0083
122.05 0.008
122.1 0.0076
122.15 0.0079
122.2 0.0081
122.25 0.0083
122.3 0.0085
122.35 0.0081
122.4 0.0078
122.45 0.0073
122.5 0.0068
122.55 0.0068
122.6 0.0069
122.65 0.0072
122.7 0.0075
122.75 0.007
122.8 0.0065
122.85 0.0061
122.9 0.0058
122.95 0.0055
123 0.0052
123.05 0.0053
123.1 0.0054
123.15 0.0056
123.2 0.0058
123.25 0.0056
123.3 0.0055
123.35 0.0051
123.4 0.0048
123.45 0.0047
123.5 0.0046
123.55 0.0048
123.6 0.005
123.65 0.0051
123.7 0.0051
123.75 0.0049
123.8 0.0046
123.85 0.0043
123.9 0.004
123.95 0.0041
124 0.0042
124.05 0.0044
124.1 0.0046
124.15 0.0045
124.2 0.0045
124.25 0.0041
124.3 0.0038
124.35 0.0037
124.4 0.0036
124.45 0.0038
124.5 0.004
124.55 0.0041
124.6 0.0042
124.65 0.004
124.7 0.0038
124.75 0.0035
124.8 0.0033
124.85 0.0033
124.9 0.0034
124.95 0.0036
125 0.0038
125.05 0.0038
125.1 0.0038
125.15 0.0035
125.2 0.0032
125.25 0.0031
125.3 0.0029
125.35 0.0031
125.4 0.0032
125.45 0.0034
125.5 0.0035
125.55 0.0034
125.6 0.0033
125.65 0.0031
125.7 0.0028
125.75 0.0027
125.8 0.0027
125.85 0.0029
125.9 0.0031
125.95 0.0032
126 0.0033
126.05 0.0031
126.1 0.0029
126.15 0.0027
126.2 0.0025
126.25 0.0025
126.3 0.0025
126.35 0.0027
126.4 0.0029
126.45 0.0029
126.5 0.003
126.55 0.0028
126.6 0.0025
126.65 0.0024
126.7 0.0022
126.75 0.0023
126.8 0.0024
126.85 0.0026
126.9 0.0028
126.95 0.0027
127 0.0027
127.05 0.0025
127.1 0.0023
127.15 0.0022
127.2 0.0021
127.25 0.0022
127.3 0.0023
127.35 0.0025
127.4 0.0026
127.45 0.0025
127.5 0.0024
127.55 0.0022
127.6 0.002
127.65 0.002
127.7 0.0019
127.75 0.0021
127.8 0.0022
127.85 0.0023
127.9 0.0025
127.95 0.0023
128 0.0022
128.05 0.002
128.1 0.0018
128.15 0.0018
128.2 0.0018
128.25 0.002
128.3 0.0021
128.35 0.0022
128.4 0.0023
128.45 0.0022
128.5 0.0021
128.55 0.0019
128.6 0.0017
128.65 0.0017
128.7 0.0017
128.75 0.0019
128.8 0.002
128.85 0.0021
128.9 0.0022
128.95 0.002
129 0.0019
129.05 0.0017
129.1 0.0016
129.15 0.0016
129.2 0.0016
129.25 0.0018
129.3 0.0019
129.35 0.002
129.4 0.0021
129.45 0.0019
129.5 0.0018
129.55 0.0016
129.6 0.0015
129.65 0.0015
129.7 0.0015
129.75 0.0017
129.8 0.0018
129.85 0.0019
129.9 0.002
129.95 0.0132
130 0.0245
