40 0.783
40.05 0.787
40.1 0.79
40.15 0.814
40.2 0.837
40.25 0.876
40.3 0.916
40.35 0.95
40.4 0.985
40.45 1.001
40.5 1.016
40.55 1.022
40.6 1.026
40.65 1.043
40.7 1.059
40.75 1.101
40.8 1.142
40.85 1.196
40.9 1.251
40.95 1.296
41 1.34
41.05 1.364
41.1 1.389
41.15 1.41
41.2 1.43
41.25 1.471
41.3 1.511
41.35 1.581
41.4 1.651
41.45 1.732
41.5 1.813
41.55 1.88
41.6 1.948
41.65 1.999
41.7 2.05
41.75 2.107
41.8 2.163
41.85 2.252
41.9 2.342
41.95 2.468
42 2.593
42.05 2.733
42.1 2.873
42.15 3.004
42.2 3.135
42.25 3.26
42.3 3.386
42.35 3.539
42.4 3.692
42.45 3.903
42.5 4.114
42.55 4.388
42.6 4.661
42.65 4.975
42.7 5.288
42.75 5.628
42.8 5.969
42.85 6.361
42.9 6.752
42.95 7.255
43 7.758
43.05 8.439
43.1 9.118
43.15 10.045
43.2 10.972
43.25 12.318
43.3 13.663
43.35 15.518
43.4 17.617
43.45 19.841
43.5 22.264
43.55 25.308
43.6 28.352
43.65 32.34
43.7 37.219
43.75 43.265
43.8 50.859
43.85 60.56
43.9 73.195
43.95 90.043
44 113.124
44.05 145.771
44.1 193.743
44.15 267.654
44.2 388.504
44.25 600.333
44.3 991.611
44.35 1711.57
44.4 2897.89
44.45 4430.94
44.5 5644.27
44.55 5588.61
44.6 4155.88
44.65 2443.58
44.7 1318.98
44.75 751.066
44.8 466.5
44.85 311.047
44.9 218.307
44.95 160.439
45 121.445
45.05 94.796
45.1 75.772
45.15 63.513
45.2 51.252
45.25 44.006
45.3 36.762
45.35 32.177
45.4 27.593
45.45 24.55
45.5 21.508
45.55 19.396
45.6 17.283
45.65 15.701
45.7 14.118
45.75 12.83
45.8 11.542
45.85 10.566
45.9 9.588
45.95 8.86
46 8.131
46.05 7.587
46.1 7.043
46.15 6.629
46.2 6.215
46.25 5.871
46.3 5.527
46.35 5.212
46.4 4.897
46.45 4.61
46.5 4.323
46.55 4.087
46.6 3.85
46.65 3.675
46.7 3.501
46.75 3.37
46.8 3.24
46.85 3.118
46.9 2.997
46.95 2.865
47 2.732
47.05 2.599
47.1 2.464
47.15 2.356
47.2 2.246
47.25 2.174
47.3 2.101
47.35 2.053
47.4 2.004
47.45 1.949
47.5 1.896
47.55 1.824
47.6 1.752
47.65 1.675
47.7 1.597
47.75 1.536
47.8 1.475
47.85 1.443
47.9 1.411
47.95 1.393
48 1.374
48.05 1.347
48.1 1.32
48.15 1.273
48.2 1.227
48.25 1.175
48.3 1.122
48.35 1.086
48.4 1.049
48.45 1.034
48.5 1.02
48.55 1.016
48.6 1.011
48.65 0.995
48.7 0.979
48.75 0.946
48.8 0.912
48.85 0.874
48.9 0.836
48.95 0.813
49 0.788
49.05 0.789
49.1 0.789
49.15 0.791
49.2 0.793
49.25 0.784
49.3 0.774
49.35 0.748
49.4 0.721
49.45 0.691
49.5 0.661
49.55 0.644
49.6 0.628
49.65 0.629
49.7 0.63
49.75 0.635
49.8 0.641
49.85 0.634
49.9 0.627
49.95 0.605
50 0.582
50.05 0.557
50.1 0.533
50.15 0.523
50.2 0.512
50.25 0.516
50.3 0.521
50.35 0.528
50.4 0.533
50.45 0.528
50.5 0.522
50.55 0.503
50.6 0.483
50.65 0.463
50.7 0.443
50.75 0.436
50.8 0.428
50.85 0.435
50.9 0.441
50.95 0.449
51 0.456
51.05 0.45
51.1 0.446
51.15 0.428
51.2 0.411
51.25 0.394
51.3 0.377
51.35 0.372
51.4 0.367
51.45 0.375
51.5 0.383
51.55 0.39
51.6 0.397
51.65 0.393
51.7 0.388
51.75 0.372
51.8 0.357
51.85 0.342
51.9 0.326
51.95 0.324
52 0.321
52.05 0.329
52.1 0.338
52.15 0.346
52.2 0.352
52.25 0.349
52.3 0.344
52.35 0.33
52.4 0.315
52.45 0.302
52.5 0.289
52.55 0.287
52.6 0.286
52.65 0.295
52.7 0.303
52.75 0.311
52.8 0.318
52.85 0.314
52.9 0.31
52.95 0.297
53 0.283
53.05 0.271
53.1 0.259
53.15 0.259
53.2 0.258
53.25 0.268
53.3 0.277
53.35 0.284
53.4 0.291
53.45 0.288
53.5 0.283
53.55 0.272
53.6 0.258
53.65 0.247
53.7 0.236
53.75 0.237
53.8 0.237
53.85 0.246
53.9 0.255
53.95 0.263
54 0.269
54.05 0.266
54.1 0.263
54.15 0.251
54.2 0.24
54.25 0.23
54.3 0.219
54.35 0.22
54.4 0.219
54.45 0.229
54.5 0.237
54.55 0.245
54.6 0.252
54.65 0.25
54.7 0.247
54.75 0.236
54.8 0.225
54.85 0.215
54.9 0.205
54.95 0.206
55 0.206
55.05 0.216
55.1 0.224
55.15 0.231
55.2 0.239
55.25 0.237
55.3 0.235
55.35 0.224
55.4 0.214
55.45 0.205
55.5 0.195
55.55 0.196
55.6 0.195
55.65 0.205
55.7 0.213
55.75 0.222
55.8 0.229
55.85 0.228
55.9 0.226
55.95 0.216
56 0.207
56.05 0.197
56.1 0.188
56.15 0.188
56.2 0.188
56.25 0.197
56.3 0.205
56.35 0.213
56.4 0.222
56.45 0.221
56.5 0.22
56.55 0.212
56.6 0.202
56.65 0.193
56.7 0.183
56.75 0.184
56.8 0.182
56.85 0.191
56.9 0.199
56.95 0.208
57 0.217
57.05 0.218
57.1 0.217
57.15 0.21
57.2 0.201
57.25 0.191
57.3 0.182
57.35 0.181
57.4 0.18
57.45 0.188
57.5 0.196
57.55 0.205
57.6 0.214
57.65 0.216
57.7 0.217
57.75 0.209
57.8 0.202
57.85 0.193
57.9 0.183
57.95 0.182
58 0.18
58.05 0.187
58.1 0.195
58.15 0.204
58.2 0.214
58.25 0.218
58.3 0.22
58.35 0.214
58.4 0.207
58.45 0.197
58.5 0.189
58.55 0.186
58.6 0.183
58.65 0.189
58.7 0.196
58.75 0.206
58.8 0.217
58.85 0.221
58.9 0.226
58.95 0.221
59 0.215
59.05 0.206
59.1 0.197
59.15 0.194
59.2 0.19
59.25 0.196
59.3 0.202
59.35 0.213
59.4 0.223
59.45 0.23
59.5 0.236
59.55 0.233
59.6 0.23
59.65 0.22
59.7 0.212
59.75 0.208
59.8 0.203
59.85 0.133
59.9 0.062
59.95 0.064
60 0.067
60.05 0.07
60.1 0.073
60.15 0.075
60.2 0.078
60.25 0.079
60.3 0.08
60.35 0.081
60.4 0.081
60.45 0.083
60.5 0.084
60.55 0.087
60.6 0.09
60.65 0.095
60.7 0.099
60.75 0.103
60.8 0.107
60.85 0.109
60.9 0.112
60.95 0.114
61 0.116
61.05 0.118
61.1 0.121
61.15 0.125
61.2 0.13
61.25 0.137
61.3 0.142
61.35 0.149
61.4 0.155
61.45 0.161
61.5 0.167
61.55 0.172
61.6 0.176
61.65 0.182
61.7 0.188
61.75 0.197
61.8 0.204
61.85 0.215
61.9 0.226
61.95 0.239
62 0.251
62.05 0.264
62.1 0.277
62.15 0.29
62.2 0.302
62.25 0.317
62.3 0.33
62.35 0.349
62.4 0.367
62.45 0.391
62.5 0.415
62.55 0.445
62.6 0.474
62.65 0.508
62.7 0.542
62.75 0.582
62.8 0.62
62.85 0.667
62.9 0.715
62.95 0.775
63 0.836
63.05 0.918
63.1 0.999
63.15 1.108
63.2 1.218
63.25 1.365
63.3 1.513
63.35 1.714
63.4 1.914
63.45 2.186
63.5 2.46
63.55 2.833
63.6 3.206
63.65 3.733
63.7 4.259
63.75 5.036
63.8 5.811
63.85 7.006
63.9 8.2
63.95 10.119
64 12.036
64.05 15.249
64.1 18.461
64.15 23.26
64.2 29.631
64.25 38.125
64.3 49.434
64.35 64.341
64.4 83.545
64.45 107.431
64.5 134.395
64.55 162.037
64.6 185.482
64.65 198.785
64.7 198.109
64.75 183.521
64.8 159.108
64.85 130.744
64.9 103.442
64.95 80.245
65 61.204
65.05 46.78
65.1 35.926
65.15 28.85
65.2 21.773
65.25 17.788
65.3 13.803
65.35 11.484
65.4 9.166
65.45 7.762
65.5 6.358
65.55 5.473
65.6 4.586
65.65 4.006
65.7 3.426
65.75 3.028
65.8 2.631
65.85 2.346
65.9 2.062
65.95 1.853
66 1.643
66.05 1.488
66.1 1.332
66.15 1.216
66.2 1.099
66.25 1.013
66.3 0.925
66.35 0.86
66.4 0.794
66.45 0.743
66.5 0.692
66.55 0.649
66.6 0.607
66.65 0.57
66.7 0.533
66.75 0.501
66.8 0.47
66.85 0.445
66.9 0.419
66.95 0.4
67 0.38
67.05 0.365
67.1 0.349
67.15 0.335
67.2 0.32
67.25 0.307
67.3 0.293
67.35 0.28
67.4 0.267
67.45 0.255
67.5 0.245
67.55 0.236
67.6 0.228
67.65 0.221
67.7 0.215
67.75 0.21
67.8 0.205
67.85 0.198
67.9 0.192
67.95 0.185
68 0.178
68.05 0.172
68.1 0.166
68.15 0.161
68.2 0.156
68.25 0.154
68.3 0.151
68.35 0.149
68.4 0.147
68.45 0.144
68.5 0.14
68.55 0.136
68.6 0.132
68.65 0.129
68.7 0.125
68.75 0.122
68.8 0.118
68.85 0.117
68.9 0.116
68.95 0.115
69 0.114
69.05 0.112
69.1 0.111
69.15 0.109
69.2 0.107
69.25 0.104
69.3 0.101
69.35 0.099
69.4 0.097
69.45 0.096
69.5 0.095
69.55 0.095
69.6 0.095
69.65 0.094
69.7 0.094
69.75 0.093
69.8 0.091
69.85 0.089
69.9 0.087
69.95 0.086
70 0.083
70.05 0.082
70.1 0.082
70.15 0.081
70.2 0.081
70.25 0.082
70.3 0.082
70.35 0.082
70.4 0.083
70.45 0.08
70.5 0.079
70.55 0.078
70.6 0.076
70.65 0.075
70.7 0.073
70.75 0.073
70.8 0.074
70.85 0.075
70.9 0.075
70.95 0.076
71 0.076
71.05 0.076
71.1 0.075
71.15 0.074
71.2 0.071
71.25 0.07
71.3 0.069
71.35 0.069
71.4 0.069
71.45 0.07
71.5 0.071
71.55 0.072
71.6 0.073
71.65 0.074
71.7 0.073
71.75 0.072
71.8 0.071
71.85 0.07
71.9 0.068
71.95 0.067
72 0.066
72.05 0.067
72.1 0.068
72.15 0.069
72.2 0.071
72.25 0.072
72.3 0.073
72.35 0.073
72.4 0.073
72.45 0.071
72.5 0.07
72.55 0.068
72.6 0.067
72.65 0.068
72.7 0.067
72.75 0.069
72.8 0.071
72.85 0.072
72.9 0.073
72.95 0.075
73 0.076
73.05 0.075
73.1 0.074
73.15 0.072
73.2 0.071
73.25 0.07
73.3 0.07
73.35 0.07
73.4 0.071
73.45 0.074
73.5 0.075
73.55 0.077
73.6 0.079
73.65 0.079
73.7 0.08
73.75 0.079
73.8 0.078
73.85 0.077
73.9 0.075
73.95 0.075
74 0.076
74.05 0.077
74.1 0.079
74.15 0.082
74.2 0.084
74.25 0.085
74.3 0.087
74.35 0.087
74.4 0.088
74.45 0.086
74.5 0.085
74.55 0.084
74.6 0.083
74.65 0.084
74.7 0.085
74.75 0.087
74.8 0.089
74.85 0.093
74.9 0.095
74.95 0.098
75 0.099
75.05 0.099
75.1 0.098
75.15 0.097
75.2 0.096
75.25 0.096
75.3 0.096
75.35 0.097
75.4 0.1
75.45 0.103
75.5 0.106
75.55 0.11
75.6 0.113
75.65 0.115
75.7 0.116
75.75 0.116
75.8 0.116
75.85 0.114
75.9 0.114
75.95 0.115
76 0.115
76.05 0.118
76.1 0.121
76.15 0.125
76.2 0.13
76.25 0.134
76.3 0.137
76.35 0.139
76.4 0.141
76.45 0.141
76.5 0.142
76.55 0.141
76.6 0.141
76.65 0.143
76.7 0.145
76.75 0.149
76.8 0.154
76.85 0.16
76.9 0.166
76.95 0.171
77 0.176
77.05 0.179
77.1 0.181
77.15 0.181
77.2 0.182
77.25 0.184
77.3 0.185
77.35 0.189
77.4 0.192
77.45 0.2
77.5 0.207
77.55 0.215
77.6 0.224
77.65 0.231
77.7 0.237
77.75 0.242
77.8 0.246
77.85 0.249
77.9 0.251
77.95 0.255
78 0.26
78.05 0.267
78.1 0.274
78.15 0.286
78.2 0.296
78.25 0.31
78.3 0.322
78.35 0.334
78.4 0.345
78.45 0.354
78.5 0.363
78.55 0.371
78.6 0.378
78.65 0.388
78.7 0.398
78.75 0.413
78.8 0.428
78.85 0.448
78.9 0.469
78.95 0.492
79 0.514
79.05 0.537
79.1 0.56
79.15 0.581
79.2 0.603
79.25 0.629
79.3 0.657
79.35 0.683
79.4 0.71
79.45 0.747
79.5 0.783
79.55 0.827
79.6 0.873
79.65 0.926
79.7 0.978
79.75 1.036
79.8 1.094
79.85 1.158
79.9 1.221
79.95 1.296
80 1.37
80.05 1.462
80.1 1.555
80.15 1.674
80.2 1.792
80.25 1.946
80.3 2.099
80.35 2.295
80.4 2.49
80.45 2.741
80.5 2.992
80.55 3.323
80.6 3.654
80.65 4.107
80.7 4.562
80.75 5.195
80.8 5.83
80.85 6.701
80.9 7.574
80.95 8.78
81 9.985
81.05 11.724
81.1 13.462
81.15 16.095
81.2 18.728
81.25 22.914
81.3 27.101
81.35 33.163
81.4 41.09
81.45 51.582
81.5 65.633
81.55 85.025
81.6 110.541
81.65 146.076
81.7 193.365
81.75 255.378
81.8 331.255
81.85 414.261
81.9 489.524
81.95 536.677
82 540.148
82.05 497.97
82.1 424.491
82.15 340.219
82.2 261.868
82.25 197.472
82.3 148.14
82.35 111.65
82.4 85.003
82.45 65.545
82.5 51.239
82.55 40.612
82.6 32.625
82.65 27.244
82.7 21.863
82.75 18.595
82.8 15.327
82.85 13.245
82.9 11.162
82.95 9.774
83 8.386
83.05 7.421
83.1 6.455
83.15 5.761
83.2 5.067
83.25 4.563
83.3 4.059
83.35 3.69
83.4 3.32
83.45 3.041
83.5 2.762
83.55 2.544
83.6 2.327
83.65 2.154
83.7 1.981
83.75 1.844
83.8 1.707
83.85 1.599
83.9 1.493
83.95 1.408
84 1.324
84.05 1.254
84.1 1.186
84.15 1.126
84.2 1.065
84.25 1.01
84.3 0.956
84.35 0.906
84.4 0.857
84.45 0.814
84.5 0.771
84.55 0.737
84.6 0.703
84.65 0.677
84.7 0.649
84.75 0.628
84.8 0.606
84.85 0.587
84.9 0.566
84.95 0.546
85 0.526
85.05 0.504
85.1 0.483
85.15 0.463
85.2 0.444
85.25 0.427
85.3 0.411
85.35 0.399
85.4 0.388
85.45 0.379
85.5 0.371
85.55 0.364
85.6 0.356
85.65 0.347
85.7 0.338
85.75 0.327
85.8 0.317
85.85 0.306
85.9 0.294
85.95 0.284
86 0.275
86.05 0.268
86.1 0.261
86.15 0.258
86.2 0.253
86.25 0.251
86.3 0.247
86.35 0.244
86.4 0.241
86.45 0.234
86.5 0.229
86.55 0.222
86.6 0.215
86.65 0.208
86.7 0.202
86.75 0.197
86.8 0.192
86.85 0.19
86.9 0.187
86.95 0.186
87 0.185
87.05 0.185
87.1 0.183
87.15 0.18
87.2 0.178
87.25 0.173
87.3 0.169
87.35 0.164
87.4 0.159
87.45 0.155
87.5 0.151
87.55 0.149
87.6 0.148
87.65 0.147
87.7 0.147
87.75 0.147
87.8 0.147
87.85 0.146
87.9 0.145
87.95 0.143
88 0.14
88.05 0.137
88.1 0.133
88.15 0.13
88.2 0.126
88.25 0.124
88.3 0.123
88.35 0.122
88.4 0.122
88.45 0.123
88.5 0.123
88.55 0.124
88.6 0.124
88.65 0.122
88.7 0.122
88.75 0.119
88.8 0.117
88.85 0.114
88.9 0.112
88.95 0.11
89 0.107
89.05 0.107
89.1 0.106
89.15 0.107
89.2 0.107
89.25 0.109
89.3 0.109
89.35 0.109
89.4 0.11
89.45 0.108
89.5 0.108
89.55 0.105
89.6 0.103
89.65 0.101
89.7 0.1
89.75 0.098
89.8 0.097
89.85 0.097
89.9 0.098
89.95 0.099
90 0.1
90.05 0.101
90.1 0.101
90.15 0.102
90.2 0.101
90.25 0.1
90.3 0.1
90.35 0.098
90.4 0.097
90.45 0.096
90.5 0.094
90.55 0.094
90.6 0.094
90.65 0.094
90.7 0.095
90.75 0.097
90.8 0.098
90.85 0.098
90.9 0.1
90.95 0.099
91 0.099
91.05 0.099
91.1 0.097
91.15 0.097
91.2 0.096
91.25 0.096
91.3 0.095
91.35 0.095
91.4 0.095
91.45 0.098
91.5 0.099
91.55 0.1
91.6 0.101
91.65 0.102
91.7 0.102
91.75 0.103
91.8 0.103
91.85 0.103
91.9 0.102
91.95 0.102
92 0.102
92.05 0.102
92.1 0.102
92.15 0.103
92.2 0.104
92.25 0.106
92.3 0.108
92.35 0.109
92.4 0.11
92.45 0.111
92.5 0.113
92.55 0.113
92.6 0.115
92.65 0.115
92.7 0.115
92.75 0.115
92.8 0.116
92.85 0.117
92.9 0.118
92.95 0.12
93 0.122
93.05 0.123
93.1 0.126
93.15 0.132
93.2 0.139
93.25 0.141
93.3 0.143
93.35 0.145
93.4 0.147
93.45 0.149
93.5 0.15
93.55 0.152
93.6 0.154
93.65 0.156
93.7 0.158
93.75 0.161
93.8 0.164
93.85 0.167
93.9 0.17
93.95 0.173
94 0.176
94.05 0.181
94.1 0.184
94.15 0.188
94.2 0.191
94.25 0.196
94.3 0.199
94.35 0.203
94.4 0.208
94.45 0.212
94.5 0.217
94.55 0.221
94.6 0.227
94.65 0.232
94.7 0.238
94.75 0.244
94.8 0.251
94.85 0.259
94.9 0.266
94.95 0.274
95 0.283
95.05 0.291
95.1 0.3
95.15 0.31
95.2 0.32
95.25 0.33
95.3 0.34
95.35 0.352
95.4 0.364
95.45 0.377
95.5 0.391
95.55 0.406
95.6 0.422
95.65 0.44
95.7 0.458
95.75 0.479
95.8 0.5
95.85 0.524
95.9 0.549
95.95 0.576
96 0.603
96.05 0.634
96.1 0.665
96.15 0.701
96.2 0.739
96.25 0.782
96.3 0.825
96.35 0.877
96.4 0.93
96.45 0.993
96.5 1.057
96.55 1.136
96.6 1.215
96.65 1.312
96.7 1.409
96.75 1.531
96.8 1.653
96.85 1.806
96.9 1.96
96.95 2.16
97 2.359
97.05 2.623
97.1 2.886
97.15 3.241
97.2 3.596
97.25 4.081
97.3 4.566
97.35 5.237
97.4 5.907
97.45 6.851
97.5 7.794
97.55 9.156
97.6 10.517
97.65 12.539
97.7 14.562
97.75 17.646
97.8 20.731
97.85 25.547
97.9 30.363
97.95 37.112
98 45.615
98.05 56.297
98.1 69.607
98.15 86.12
98.2 105.464
98.25 127.867
98.3 152.045
98.35 175.818
98.4 196.379
98.45 210.225
98.5 214.845
98.55 209.266
98.6 194.927
98.65 174.28
98.7 150.693
98.75 127.027
98.8 105.221
98.85 86.241
98.9 70.334
98.95 57.315
99 46.805
99.05 39.225
99.1 31.645
99.15 26.786
99.2 21.926
99.25 18.766
99.3 15.606
99.35 13.502
99.4 11.399
99.45 9.958
99.5 8.516
99.55 7.498
99.6 6.479
99.65 5.741
99.7 5.003
99.75 4.462
99.8 3.92
99.85 3.524
99.9 3.127
99.95 2.835
100 2.542
100.05 2.325
100.1 2.107
100.15 1.94
100.2 1.774
100.25 1.644
100.3 1.514
100.35 1.409
100.4 1.304
100.45 1.219
100.5 1.133
100.55 1.063
100.6 0.993
100.65 0.935
100.7 0.877
100.75 0.831
100.8 0.785
100.85 0.747
100.9 0.709
100.95 0.678
101 0.646
101.05 0.619
101.1 0.591
101.15 0.566
101.2 0.542
101.25 0.518
101.3 0.496
101.35 0.475
101.4 0.454
101.45 0.436
101.5 0.417
101.55 0.402
101.6 0.387
101.65 0.374
101.7 0.361
101.75 0.342
101.8 0.322
101.85 0.312
101.9 0.303
101.95 0.294
102 0.283
102.05 0.274
102.1 0.265
102.15 0.256
102.2 0.246
102.25 0.238
102.3 0.23
102.35 0.224
102.4 0.218
102.45 0.213
102.5 0.208
102.55 0.204
102.6 0.201
102.65 0.197
102.7 0.193
102.75 0.19
102.8 0.186
102.85 0.181
102.9 0.177
102.95 0.172
103 0.166
103.05 0.162
103.1 0.157
103.15 0.154
103.2 0.15
103.25 0.148
103.3 0.145
103.35 0.143
103.4 0.142
103.45 0.141
103.5 0.138
103.55 0.137
103.6 0.136
103.65 0.134
103.7 0.132
103.75 0.129
103.8 0.126
103.85 0.123
103.9 0.12
103.95 0.118
104 0.115
104.05 0.113
104.1 0.111
104.15 0.11
104.2 0.109
104.25 0.109
104.3 0.108
104.35 0.109
104.4 0.108
104.45 0.108
104.5 0.107
104.55 0.105
104.6 0.104
104.65 0.102
104.7 0.101
104.75 0.099
104.8 0.097
104.85 0.095
104.9 0.093
104.95 0.093
105 0.092
105.05 0.091
105.1 0.092
105.15 0.091
105.2 0.092
105.25 0.092
105.3 0.092
105.35 0.092
105.4 0.092
105.45 0.091
105.5 0.09
105.55 0.089
105.6 0.088
105.65 0.087
105.7 0.085
105.75 0.085
105.8 0.084
105.85 0.083
105.9 0.083
105.95 0.083
106 0.084
106.05 0.084
106.1 0.085
106.15 0.085
106.2 0.086
106.25 0.086
106.3 0.086
106.35 0.086
106.4 0.085
106.45 0.084
106.5 0.083
106.55 0.082
106.6 0.082
106.65 0.081
106.7 0.081
106.75 0.081
106.8 0.082
106.85 0.083
106.9 0.082
106.95 0.084
107 0.085
107.05 0.086
107.1 0.086
107.15 0.087
107.2 0.087
107.25 0.087
107.3 0.087
107.35 0.087
107.4 0.086
107.45 0.086
107.5 0.085
107.55 0.086
107.6 0.085
107.65 0.087
107.7 0.087
107.75 0.088
107.8 0.089
107.85 0.09
107.9 0.092
107.95 0.093
108 0.094
108.05 0.095
108.1 0.096
108.15 0.096
108.2 0.096
108.25 0.097
108.3 0.097
108.35 0.097
108.4 0.097
108.45 0.098
108.5 0.098
108.55 0.099
108.6 0.101
108.65 0.103
108.7 0.105
108.75 0.106
108.8 0.108
108.85 0.11
108.9 0.111
108.95 0.113
109 0.114
109.05 0.115
109.1 0.117
109.15 0.118
109.2 0.119
109.25 0.119
109.3 0.121
109.35 0.122
109.4 0.124
109.45 0.126
109.5 0.128
109.55 0.131
109.6 0.133
109.65 0.136
109.7 0.139
109.75 0.141
109.8 0.145
109.85 0.147
109.9 0.15
109.95 0.152
110 0.155
110.05 0.157
110.1 0.16
110.15 0.162
110.2 0.166
110.25 0.168
110.3 0.172
110.35 0.176
110.4 0.179
110.45 0.184
110.5 0.188
110.55 0.193
110.6 0.199
110.65 0.204
110.7 0.209
110.75 0.214
110.8 0.219
110.85 0.226
110.9 0.231
110.95 0.236
111 0.242
111.05 0.248
111.1 0.254
111.15 0.261
111.2 0.268
111.25 0.276
111.3 0.285
111.35 0.294
111.4 0.303
111.45 0.313
111.5 0.323
111.55 0.335
111.6 0.346
111.65 0.359
111.7 0.371
111.75 0.385
111.8 0.398
111.85 0.413
111.9 0.427
111.95 0.443
112 0.459
112.05 0.477
112.1 0.496
112.15 0.516
112.2 0.537
112.25 0.562
112.3 0.586
112.35 0.613
112.4 0.641
112.45 0.672
112.5 0.704
112.55 0.741
112.6 0.776
112.65 0.818
112.7 0.858
112.75 0.906
112.8 0.954
112.85 1.008
112.9 1.063
112.95 1.127
113 1.192
113.05 1.268
113.1 1.344
113.15 1.437
113.2 1.528
113.25 1.639
113.3 1.749
113.35 1.882
113.4 2.016
113.45 2.178
113.5 2.34
113.55 2.539
113.6 2.737
113.65 2.982
113.7 3.228
113.75 3.533
113.8 3.837
113.85 4.22
113.9 4.604
113.95 5.088
114 5.572
114.05 6.189
114.1 6.806
114.15 7.596
114.2 8.387
114.25 9.403
114.3 10.418
114.35 11.726
114.4 13.034
114.45 14.718
114.5 16.403
114.55 18.567
114.6 20.732
114.65 23.329
114.7 26.257
114.75 29.741
114.8 33.226
114.85 37.321
114.9 41.847
114.95 47.022
115 52.197
115.05 57.976
115.1 64.087
115.15 70.447
115.2 76.911
115.25 83.327
115.3 89.536
115.35 95.285
115.4 100.361
115.45 104.484
115.5 107.64
115.55 109.421
115.6 110.015
115.65 109.176
115.7 107.024
115.75 103.653
115.8 99.293
115.85 94.084
115.9 88.269
115.95 82.059
116 75.69
116.05 69.31
116.1 63.078
116.15 57.107
116.2 51.474
116.25 46.234
116.3 41.411
116.35 37.015
116.4 33.037
116.45 29.646
116.5 26.256
116.55 23.558
116.6 20.862
116.65 18.74
116.7 16.618
116.75 14.957
116.8 13.297
116.85 11.999
116.9 10.702
116.95 9.688
117 8.674
117.05 7.879
117.1 7.085
117.15 6.46
117.2 5.836
117.25 5.342
117.3 4.848
117.35 4.456
117.4 4.064
117.45 3.751
117.5 3.437
117.55 3.184
117.6 2.932
117.65 2.726
117.7 2.52
117.75 2.352
117.8 2.183
117.85 2.042
117.9 1.903
117.95 1.786
118 1.668
118.05 1.57
118.1 1.472
118.15 1.389
118.2 1.306
118.25 1.236
118.3 1.167
118.35 1.107
118.4 1.048
118.45 0.997
118.5 0.947
118.55 0.904
118.6 0.861
118.65 0.823
118.7 0.785
118.75 0.751
118.8 0.718
118.85 0.689
118.9 0.659
118.95 0.632
119 0.605
119.05 0.581
119.1 0.557
119.15 0.535
119.2 0.514
119.25 0.495
119.3 0.476
119.35 0.459
119.4 0.443
119.45 0.429
119.5 0.415
119.55 0.402
119.6 0.389
119.65 0.378
119.7 0.367
119.75 0.356
119.8 0.346
119.85 0.336
119.9 0.326
119.95 0.317
120 0.307
120.05 0.298
120.1 0.289
120.15 0.281
120.2 0.271
120.25 0.264
120.3 0.256
120.35 0.249
120.4 0.242
120.45 0.236
120.5 0.23
120.55 0.225
120.6 0.221
120.65 0.216
120.7 0.212
120.75 0.208
120.8 0.203
120.85 0.199
120.9 0.196
120.95 0.192
121 0.188
121.05 0.184
121.1 0.18
121.15 0.175
121.2 0.17
121.25 0.166
121.3 0.162
121.35 0.159
121.4 0.155
121.45 0.151
121.5 0.148
121.55 0.145
121.6 0.143
121.65 0.141
121.7 0.139
121.75 0.137
121.8 0.135
121.85 0.134
121.9 0.132
121.95 0.13
122 0.128
122.05 0.127
122.1 0.125
122.15 0.123
122.2 0.12
122.25 0.118
122.3 0.115
122.35 0.113
122.4 0.11
122.45 0.108
122.5 0.106
122.55 0.104
122.6 0.102
122.65 0.095
122.7 0.089
122.75 0.089
122.8 0.087
122.85 0.086
122.9 0.085
122.95 0.083
123 0.082
123.05 0.082
123.1 0.081
123.15 0.079
123.2 0.078
123.25 0.077
123.3 0.075
123.35 0.074
123.4 0.073
123.45 0.072
123.5 0.071
123.55 0.07
123.6 0.069
123.65 0.067
123.7 0.066
123.75 0.066
123.8 0.064
123.85 0.064
123.9 0.063
123.95 0.062
124 0.062
124.05 0.061
124.1 0.06
124.15 0.06
124.2 0.06
124.25 0.058
124.3 0.058
124.35 0.058
124.4 0.056
124.45 0.056
124.5 0.055
124.55 0.054
124.6 0.053
124.65 0.053
124.7 0.052
124.75 0.051
124.8 0.05
124.85 0.05
124.9 0.049
124.95 0.049
125 0.048
125.05 0.047
125.1 0.047
125.15 0.047
125.2 0.046
125.25 0.046
125.3 0.046
125.35 0.045
125.4 0.045
125.45 0.045
125.5 0.044
125.55 0.044
125.6 0.044
125.65 0.043
125.7 0.042
125.75 0.042
125.8 0.041
125.85 0.04
125.9 0.04
125.95 0.039
126 0.039
126.05 0.039
126.1 0.039
126.15 0.038
126.2 0.038
126.25 0.038
126.3 0.037
126.35 0.037
126.4 0.037
126.45 0.036
126.5 0.036
126.55 0.037
126.6 0.037
126.65 0.036
126.7 0.036
126.75 0.035
126.8 0.034
126.85 0.034
126.9 0.034
126.95 0.034
127 0.033
127.05 0.032
127.1 0.032
127.15 0.032
127.2 0.031
127.25 0.031
127.3 0.031
127.35 0.031
127.4 0.03
127.45 0.03
127.5 0.03
127.55 0.031
127.6 0.03
127.65 0.03
127.7 0.03
127.75 0.03
127.8 0.029
127.85 0.029
127.9 0.029
127.95 0.029
128 0.029
128.05 0.028
128.1 0.028
128.15 0.028
128.2 0.027
128.25 0.027
128.3 0.026
128.35 0.026
128.4 0.026
128.45 0.026
128.5 0.026
128.55 0.026
128.6 0.025
128.65 0.025
128.7 0.025
128.75 0.025
128.8 0.025
128.85 0.025
128.9 0.025
128.95 0.026
129 0.025
129.05 0.025
129.1 0.025
129.15 0.024
129.2 0.024
129.25 0.024
129.3 0.024
129.35 0.024
129.4 0.024
129.45 0.023
129.5 0.023
129.55 0.023
129.6 0.023
129.65 0.022
129.7 0.022
129.75 0.022
129.8 0.022
129.85 0.022
129.9 0.021
129.95 0.079
130 0.135
